frequencies psd_low psd_hi psd_mid
0.00000125 9244710.42306506 1296350789.46638489 392548601.39989102
0.00000127 9251438.37888637 1296351563.19897938 392548873.88747799
0.00000129 9258342.31688015 1296352357.17003536 392549153.50249153
0.00000130 9265426.84020185 1296353171.90893245 392549440.43136394
0.00000132 9272696.67241225 1296354007.95889640 392549734.86540365
0.00000134 9280156.66062684 1296354865.87736201 392550037.00092381
0.00000135 9287811.77874777 1296355746.23634696 392550347.03937161
0.00000137 9295667.13078024 1296356649.62282920 392550665.18746459
0.00000139 9303727.95423573 1296357576.63914227 392550991.65732712
0.00000141 9311999.62362412 1296358527.90337467 392551326.66663158
0.00000142 9320487.65403726 1296359504.04978275 392551670.43874502
0.00000144 9329197.70482627 1296360505.72921109 392552023.20287633
0.00000146 9338135.58337503 1296361533.60953307 392552385.19423074
0.00000148 9347307.24897229 1296362588.37608838 392552756.65416491
0.00000150 9356718.81678523 1296363670.73214531 392553137.83034956
0.00000152 9366376.56193681 1296364781.39936781 392553528.97693336
0.00000154 9376286.92368988 1296365921.11829519 392553930.35471284
0.00000156 9386456.50974069 1296367090.64883971 392554342.23130667
0.00000158 9396892.10062474 1296368290.77079105 392554764.88133347
0.00000160 9407600.65423783 1296369522.28433442 392555198.58659506
0.00000162 9418589.31047543 1296370786.01058722 392555643.63626480
0.00000164 9429865.39599344 1296372082.79214597 392556100.32707983
0.00000166 9441436.42909334 1296373413.49364614 392556568.96353942
0.00000169 9453310.12473530 1296374779.00234199 392557049.85810769
0.00000171 9465494.39968234 1296376180.22869468 392557543.33142185
0.00000173 9477997.37777906 1296377618.10698175 392558049.71250665
0.00000175 9490827.39536848 1296379093.59591961 392558569.33899283
0.00000177 9503993.00685055 1296380607.67930293 392559102.55734330
0.00000180 9517502.99038609 1296382161.36665893 392559649.72308314
0.00000182 9531366.35374995 1296383755.69392419 392560211.20103741
0.00000184 9545592.34033725 1296385391.72413111 392560787.36557388
0.00000187 9560190.43532676 1296387070.54812026 392561378.60085332
0.00000189 9575170.37200551 1296388793.28526640 392561985.30108494
0.00000192 9590542.13825884 1296390561.08422399 392562607.87078989
0.00000194 9606315.98323024 1296392375.12369442 392563246.72507006
0.00000197 9622502.42415538 1296394236.61321354 392563902.28988636
0.00000199 9639112.25337498 1296396146.79395247 392564575.00234133
0.00000202 9656156.54553107 1296398106.93955445 392565265.31097138
0.00000205 9673646.66495148 1296400118.35697341 392565973.67604566
0.00000207 9691594.27322761 1296402182.38735509 392566700.56987303
0.00000210 9710011.33699038 1296404300.40692544 392567446.47711688
0.00000213 9728910.13588953 1296406473.82791138 392568211.89511859
0.00000215 9748303.27078178 1296408704.09947944 392568997.33422863
0.00000218 9768203.67213314 1296410992.70870638 392569803.31814790
0.00000221 9788624.60864096 1296413341.18156695 392570630.38427567
0.00000224 9809579.69608167 1296415751.08395433 392571479.08406913
0.00000227 9831082.90638989 1296418224.02272201 392572349.98340976
0.00000230 9853148.57697506 1300839152.97848701 392573243.66298234
0.00000233 9875791.42028179 1305318506.45382500 392574160.71866101
0.00000236 9899026.53360042 1305320271.30570006 392575101.76190674
0.00000239 9922869.40913406 1305322082.32124305 392576067.42017555
0.00000242 9947335.94432912 1305323940.70798993 392577058.33733648
0.00000245 9972442.45247606 1305325847.70506668 392578075.17410123
0.00000248 9998205.67358748 1305327804.58401060 392579118.60846472
0.00000251 10024642.78556073 1305329812.64962220 392580189.33615726
0.00000255 10051771.41563263 1305331873.24083567 392581288.07110810
0.00000258 10079609.65213386 1305333987.73160768 392582415.54592204
0.00000261 10108176.05655076 1305336157.53183794 392583572.51236796
0.00000265 10137489.67590277 1305338384.08830595 392584759.74187994
0.00000268 10167570.05544375 1305340668.88564038 392585978.02607155
0.00000272 10198437.25169537 1305343013.44730449 392587228.17726415
0.00000275 10230111.84582174 1305345419.33661485 392588511.02902836
0.00000279 10262614.95735376 1305347888.15778208 392589827.43674016
0.00000282 10295968.25827259 1305350421.55698586 392591178.27815127
0.00000286 10330193.98746162 1305353021.22346425 392592564.45397455
0.00000290 10365314.96553643 1305355688.89064574 392593986.88848430
0.00000294 10401354.61006287 1305358426.33730888 392595446.53013325
0.00000297 10438336.95117315 1305361235.38875985 392596944.35218477
0.00000301 10476286.64759061 1305364117.91805458 392598481.35336220
0.00000305 10515229.00307365 1305367075.84724927 392600058.55851448
0.00000309 10555189.98328994 1305370111.14868259 392601677.01930010
0.00000313 10596196.23313209 1305373225.84628558 392603337.81488800
0.00000317 10638275.09448636 1305376422.01693845 392605042.05267835
0.00000321 10681708.59423183 1305379701.79185104 392606790.86903936
0.00000326 10726618.17099912 1305383067.35798669 392608585.43006724
0.00000330 10772702.46134219 1305386520.95952129 392610426.93236220
0.00000334 10819992.19322132 1305390064.89933777 392612316.60382760
0.00000338 10868518.89840476 1305393701.54056454 392614255.70448816
0.00000343 10918314.93349700 1305397433.30815125 392616245.52733129
0.00000347 10969413.50151716 1305401262.69048452 392618287.39916855
0.00000352 11021848.67404199 1305405192.24104977 392620382.68152118
0.00000356 11075655.41392818 1305409224.58013415 392622532.77152807
0.00000361 11130869.59862928 1305413362.39657450 392624739.10287738
0.00000366 11187528.04412261 1305417608.44955087 392627003.14676380
0.00000370 11245668.52946228 1305421965.57042432 392629326.41286802
0.00000375 11305329.82197456 1305426436.66463065 392934411.26605201
0.00000380 11366551.70311261 1305431024.71361709 392936893.81343055
0.00000385 11429374.99498761 1305435732.77682638 392939441.29872787
0.00000390 11493841.58759407 1305440563.99374485 392942055.42064273
0.00000395 11559994.46674760 1305445521.58599162 392944737.92231297
0.00000400 11627877.74275366 1305450608.85947323 392947490.59247851
0.00000405 11697536.67982635 1305455829.20658088 392950315.26667511
0.00000411 11769017.72627711 1305461186.10846186 392953213.82845837
0.00000416 11842368.54549327 1305466683.13733625 392956188.21066016
0.00000421 11917638.04772721 1305472323.95888448 392959240.39667761
0.00000427 11994876.42271730 1305478112.33469009 392962372.42179728
0.00000432 12074135.17316245 1305484052.12475204 392965586.37455207
0.00000438 12155467.14907254 1305490147.29005432 392968884.39811504
0.00000444 12238926.58301771 1305496401.89521718 392972268.69172800
0.00000450 12324569.12630005 1305502820.11120319 392975741.51217079
0.00000455 12412451.88607167 1305509406.21810174 392979305.17526448
0.00000461 12502633.46342418 1305516164.60798454 392982962.05741841
0.00000467 12595173.99247478 1305523099.78783989 392986714.59721464
0.00000473 12690135.18047517 1305530216.38257313 392990565.29703456
0.00000480 12787580.34896995 1305537519.13810039 392994516.72473001
0.00000486 12887574.47603205 1305545012.92450953 392998571.51533449
0.00000492 12990184.23960337 1305552702.73931289 393002732.37282288
0.00000498 13095478.06196959 1305560593.71078277 393007002.07191473
0.00000505 13203526.15539860 1305568691.10137367 393011383.45992655
0.00000512 13314400.56897337 1305577000.31123185 393015879.45867044
0.00000518 13428175.23665022 1305585526.88180137 393020493.06640488
0.00000525 13544926.02657469 1305594276.49952435 393025227.35983455
0.00000532 13664730.79168794 1305603254.99963021 393030085.49616408
0.00000539 13787669.42165724 1305612468.37003827 393035070.71520442
0.00000546 13913823.89616555 1305621922.75534892 393040186.34153473
0.00000553 14043278.33959548 1305631624.46094489 393045435.78672159
0.00000560 14176119.07714409 1305641579.95720458 393050822.55159557
0.00000567 14312434.69240623 1305651795.88381338 393056350.22858655
0.00000575 14452316.08646461 1305662279.05420756 393062022.50412309
0.00000582 14595856.53852601 1305673036.46011019 393067843.16109079
0.00000590 14743151.76814435 1305684075.27620649 393073816.08135891
0.00000597 14894299.99907168 1305695402.86493111 393079945.24837005
0.00000605 15049402.02478014 1305707026.78138494 393086234.74979925
0.00000613 15208561.27569830 1305718954.77837467 393092688.78028244
0.00000621 15371883.88820687 1305731194.81159711 393099311.64421630
0.00000629 15539478.77543952 1305743755.04494309 393106107.75863194
0.00000637 15711457.69993657 1305756643.85595441 393113081.65614241
0.00000645 15887935.34819936 1305769869.84141302 393120237.98796976
0.00000654 16069029.40719548 1305783441.82308888 393127581.52704901
0.00000662 16254860.64286554 1305797368.85362101 393135117.17121524
0.00000671 16445552.98068412 1305811660.22257352 393142849.94647288
0.00000680 16641233.58832819 1305826325.46263051 393150785.01035225
0.00000688 16842032.96050866 1305841374.35597134 393158927.65535188
0.00000697 17048085.00602086 1305856816.94079590 393167283.31247318
0.00000706 17259527.13707258 1308120043.73191953 393175857.55484647
0.00000716 17476500.36094886 1308131587.36840916 393184656.10145229
0.00000725 17699149.37407470 1308143432.98730588 393193684.82094109
0.00000734 17927622.65853804 1308155588.48951602 393202949.73555100
0.00000744 18126022.26386650 1308168061.98271346 393212457.02513087
0.00000753 18129545.05672765 1308180861.78675795 393222213.03126681
0.00000763 18133160.00286829 1308193996.43924689 393232224.26151770
0.00000773 18136869.51310367 1308207474.70121980 393242497.39376199
0.00000783 18140676.06132349 1308221305.56300664 393253039.28065777
0.00000793 18144582.18614207 1308235498.25023580 393263856.95422041
0.00000804 18148590.49259188 1308250062.22999382 393274957.63051999
0.00000814 18152703.65386109 1308265007.21714854 393286348.71450138
0.00000825 18156924.41307668 1308280343.18084025 393298037.80493236
0.00000835 18161255.58513421 1308296080.35113883 393310032.69947958
0.00000846 18165700.05857531 1308312229.22588086 393322341.39991856
0.00000857 18170260.79751435 1308328800.57767987 393334972.11748064
0.00000868 18174940.84361540 1308345805.46112585 393347933.27833986
0.00000880 18179743.31812091 1308363255.22017097 393361233.52924371
0.00000891 18184671.42393334 1308381161.49570799 393374881.74329162
0.00000903 18189728.44775127 1308399536.23335123 393388887.02586520
0.00000914 18194917.76226118 1308418391.69141817 393403258.72071451
0.00000926 18200242.82838670 1308437740.44912028 393418006.41620314
0.00000938 18205707.19759634 1308457595.41497350 393433139.95171773
0.00000951 18211314.51427172 1308477969.83542371 393448669.42424643
0.00000963 18217068.51813747 1308498877.30370164 393852674.32519102
0.00000975 18222973.04675470 1308520331.76890969 393867338.58386290
0.00000988 18229032.03807943 1308542347.54534626 393882386.51475137
0.00001001 18235249.53308786 1308564939.32207870 393897828.15891671
0.00001014 18241629.67847012 1308588122.17275977 393913673.82034850
0.00001027 18248176.72939429 1308611911.56571126 393929934.07285869
0.00001041 18254895.05234247 1308636323.37426424 393946619.76715487
0.00001054 18261789.12802080 1308661373.88737822 393963742.03810036
0.00001068 18268863.55434544 1308687079.82053351 393981312.31216443
0.00001082 18276123.04950614 1308713458.32690930 393999342.31506836
0.00001096 18283572.45510982 1308740527.00886226 394017844.07963312
0.00001110 18291216.73940593 1308768303.92970085 394036829.95383191
0.00001124 18299061.00059574 1308796807.62576699 394056312.60905677
0.00001139 18307110.47022783 1308826057.11884403 394095127.95622641
0.00001154 18315370.51668184 1308856071.92888045 394150568.54728341
0.00001169 18323846.64874285 1308886872.08705807 394207459.92789978
0.00001184 18524814.77198915 1308918478.14919257 394265840.08009696
0.00001199 18866065.72639538 1308950911.20950007 394325747.98118794
0.00001215 19216243.86133688 1308984192.91471219 394387223.62990546
0.00001231 19575582.70467730 1309018345.47856832 394450308.07322007
0.00001247 19944321.89054069 1309053391.69669390 394515043.43386430
0.00001263 20322707.31865903 1309089354.96186352 394567713.54516935
0.00001279 20710991.31784712 1309126259.27966404 394580660.21702588
0.00001296 20998191.10157894 1309164129.28457570 394593945.69183141
0.00001313 20998672.10494584 1309202990.25647402 394607578.84004569
0.00001330 20999165.69673370 1309242868.13756967 394621568.76459879
0.00001347 20999672.20658207 1309283789.54978323 394649314.06280565
0.00001365 21000191.97277227 1309325781.81259060 394679975.23196602
0.00001382 21000725.34245442 1309368872.96133137 394711438.80500531
0.00001400 21001272.67188058 1309413091.76600146 394743725.79175860
0.00001418 21001834.32664391 1309458467.75053883 394776857.75275099
0.00001437 21002410.68192424 1309505031.21262097 394818308.75128961
0.00001456 21003002.12274007 1309552813.24397969 394875113.85874820
0.00001474 21003609.04420730 1309601845.75125909 394933405.80236065
0.00001494 21004231.85180470 1309652161.47740817 395255722.80247605
0.00001513 21004870.96164649 1309703794.02365994 395277821.06170970
0.00001533 21005526.80076201 1309756777.87206960 395334037.43253636
0.00001553 21006199.80738300 1309811148.40865827 395400336.47989833
0.00001573 21006890.43123826 1309866941.94716692 395468371.01215237
0.00001593 21007599.13385617 1309924195.75342965 395538186.49368644
0.00001614 21008326.38887529 1309982948.07040644 395609829.58178186
0.00001635 21009072.68236320 1310043238.14385581 395683348.15801120
0.00001656 21009838.51314360 1310105106.24870181 395754413.52771842
0.00001678 21010624.39313232 1310168593.71609378 395777534.67894304
0.00001699 21011430.84768206 1310233742.96117640 395801261.01299024
0.00001722 21012258.41593636 1310300597.51159930 395825608.38109678
0.00001744 21013107.65119294 1310369202.03677678 395850593.05025983
0.00001767 21013979.12127672 1310439602.37792563 395876231.71417254
0.00001790 21014873.40892258 1310511845.57889199 395902541.50444871
0.00001813 21015791.11216855 1310585979.91780019 395929540.00214404
0.00001836 21016732.84475924 1310662054.93953300 395957245.24958289
0.00001860 21017699.23656005 1310740121.48907924 395985675.76249754
0.00001884 21018690.93398242 1310820231.74575615 396030387.84128654
0.00001909 21019708.60042042 1310902439.25834632 396085168.80701828
0.00001934 21020752.91669877 1310986798.98116422 396146810.56821865
0.00001959 21021824.58153312 1311073367.31107140 396212665.59247100
0.00001984 21022924.31200226 1311162202.12548590 396280244.95687246
0.00002010 21024052.84403315 1311253362.82139063 396349593.85908449
0.00002036 21025210.93289867 1311346910.35537982 396420758.68399072
0.00002063 21026399.35372895 1311442907.28477120 396493787.03501499
0.00002089 21027618.90203593 1311541417.80980778 396568727.76627231
0.00002117 21028870.39425238 1311642507.81697917 396648721.81674170
0.00002144 21030154.66828495 1311746244.92350030 396768309.33014381
0.00002172 21031472.58408219 1311852698.52296758 396891029.57640243
0.00002200 21032825.02421777 1311961939.83223033 397016964.74704885
0.00002229 21034212.89448920 1312074041.93951416 397146199.19667459
0.00002258 21035637.12453265 1312189079.85381985 397278819.50020844
0.00002287 21037098.66845428 1312307130.55564070 397414914.51172674
0.00002317 21038598.50547837 1312428273.04903483 397554575.42484260
0.00002347 21040137.64061300 1312552588.41508031 397697895.83471477
0.00002377 21041717.10533343 1312680159.86675930 397844971.80172086
0.00002408 21043337.95828393 1313289049.54206252 397995901.91684270
0.00002439 21045001.28599852 1314413350.25836778 398150787.36880773
0.00002471 21046708.20364093 1315567122.58394361 398309732.01303858
0.00002503 21048459.85576469 1316751140.76193428 398472842.44245780
0.00002536 21050257.41709346 1317966199.46480513 398640228.06020010
0.00002569 21052102.09332259 1319213114.33808112 398812001.15428579
0.00002602 21053995.12194217 1320492722.55879664 398988276.97430807
0.00002636 21055937.77308242 1321805883.40907931 399169173.81019157
0.00002670 21057931.35038174 1323153478.86526799 399354813.07307899
0.00002705 21059977.19187842 1327254496.04278588 399545319.37840509
0.00002740 21062076.67092634 1332691346.89222932 399823846.55750704
0.00002776 21064231.19713558 1333061060.47688437 399960749.30744779
0.00002812 21066442.21733836 1333183258.37895226 400147336.57576323
0.00002848 21068711.21658145 1333308659.34185266 400358624.32631546
0.00002885 21071039.71914521 1333437347.50464129 400575453.32941729
0.00002923 21073429.28959063 1334039691.12050653 400797969.30122697
0.00002961 21075881.53383458 1335689287.55115557 401026321.81031990
0.00002999 21078398.10025457 1337382169.18708134 401260664.38061601
0.00003038 21080980.68082349 1339119475.47473526 401466638.54954457
0.00003078 21083631.01227537 1340902376.04709768 401622321.67594486
0.00003118 21086350.87730293 1342732071.53337717 401767713.56855321
0.00003158 21089142.10578794 1344609794.39094162 401859341.25106764
0.00003199 21092006.57606523 1346536809.76011825 401953372.33951032
0.00003241 21094946.21622130 1347139553.99996352 402049870.05495644
0.00003283 21097963.00542865 1347343218.44497633 402148899.29095352
0.00003326 21101058.97531669 1347537504.89028788 402388460.53033233
0.00003369 21104236.21138033 1347704192.97303557 402644478.39745778
0.00003413 21107496.85442746 1347875253.56251264 402820648.09830117
0.00003457 21110843.10206622 1348050801.68833971 403114713.12866151
0.00003502 21114277.21023338 1348230955.42364049 403416498.97885239
0.00003547 21117801.49476498 1348415835.96648049 404339244.90860128
0.00003593 21121418.33301038 1348605567.72351289 404751968.90005285
0.00003640 21125130.16549111 1348991555.97390747 405175530.81014311
0.00003687 21128939.49760571 1352004154.10066724 405610216.36453795
0.00003735 21132848.90138199 1354936940.68210006 406056318.88081551
0.00003784 21136861.01727801 1355357850.48529816 406514139.47327113
0.00003833 21140978.55603328 1355789822.36214519 406793258.42066360
0.00003883 21145204.30057169 1356180322.11407948 407068964.21062332
0.00003933 21149541.10795761 1356558849.75007319 407351912.25135338
0.00003984 21153991.91140667 1356947321.96094584 407642293.59542632
0.00004036 21158559.72235320 1357346001.16289330 407898073.23389500
0.00004089 21163247.63257544 1357755156.75722027 408099271.30914688
0.00004142 21168058.81638076 1358175065.31941605 408305757.30871236
0.00004196 21172996.53285250 1358606010.79350686 408459488.41733879
0.00004250 21178064.12816012 1360151536.53981209 408653713.77014756
0.00004305 21183265.03793484 1363876966.14671278 408849429.04857188
0.00004361 21191342.43826635 1367506364.02436042 409187429.96337318
0.00004418 21204943.40152422 1368162630.32613754 409422526.29715765
0.00004475 21218902.64169726 1368797471.70781088 409649450.41982645
0.00004533 21233229.65329665 1369390405.93443227 409835109.10820657
0.00004592 21247934.18466800 1369998963.34934044 410025651.33704066
0.00004652 21263026.24481599 1370623558.62437034 410221206.28451753
0.00004712 21278516.11040661 1371264617.59525251 410602832.58208239
0.00004774 21294414.33295017 1371922577.57031250 410814677.54116708
0.00004836 21395335.56228309 1372597887.64811158 411015813.04212523
0.00004899 21788578.34904782 1373291009.04431891 411540216.43973398
0.00004962 22051833.07542976 1375738881.42435861 412358425.20085251
0.00005027 22055656.29221370 1377222594.08944058 412852834.84683037
0.00005092 22059580.29273201 1378540531.38072276 413047883.45974123
0.00005158 22063607.75471507 1383075802.37210751 413249645.61113167
0.00005225 22067741.42815056 1387731284.82217836 413527887.89903152
0.00005293 22071984.13729203 1392295682.75369501 413813462.22427166
0.00005362 22076338.78272650 1395912373.23361278 414106563.22524291
0.00005432 22080808.34350279 1399624539.87218952 414407390.78178084
0.00005502 22085395.87932269 1403365965.51658773 415194929.87761998
0.00005574 22090104.53279684 1405834551.30498672 416453679.84163702
0.00005646 22094937.53176749 1406710665.72295976 416993538.48040771
0.00005719 22099898.19170046 1407609936.19764423 417547643.92083585
0.00005794 22104989.91814822 1408532981.07496452 418116375.43892896
0.00005869 22110216.20928680 1409480435.54157209 418700122.57869661
0.00005945 22115580.65852876 1410452952.10032725 419299285.43880749
0.00006022 22121086.95721465 1411451201.06003904 419796437.47916478
0.00006101 22126738.89738592 1412475871.03993106 420165187.09398532
0.00006180 22132540.37464152 1413527669.48930907 420543676.94095814
0.00006260 22138495.39108156 1414607323.22294927 421548196.00216877
0.00006342 22144608.05834035 1415715578.97270989 422012671.77874571
0.00006424 22150882.60071242 1416853203.95590544 422924027.23887551
0.00006508 22157323.35837429 1418020986.46101832 423835228.93107957
0.00006592 22163934.79070545 1419219736.45129848 424853024.72565603
0.00006678 22170721.47971189 1420450286.18687868 426145956.36966503
0.00006765 22177688.13355586 1422194429.29807568 427410245.69418931
0.00006852 22184839.59019531 1423490452.64817405 428759748.88616061
0.00006941 22192180.82113700 1424820894.08196664 429767152.90196991
0.00007032 22199716.93530731 1426186681.16057920 430480582.42395520
0.00007123 22207453.18304473 1427588767.13839722 430893112.68452621
0.00007216 22215394.96021852 1429028131.70958924 432036453.48063177
0.00007309 22223547.81247790 1431075616.36649251 432860947.95346463
0.00007404 22231917.43963647 1437095143.53111386 433462720.66466248
0.00007501 22240509.70019686 1443276066.14198804 434571666.95947027
0.00007598 22249330.61602044 1449622809.72462130 435887333.77174127
0.00007697 22266232.70167645 1455285243.64856029 436574922.44488001
0.00007797 22514047.92314970 1457063601.83300972 437671602.36354959
0.00007898 23009060.53281215 1458889435.34967947 439392357.10369426
0.00008001 23517087.95179411 1460671969.71526265 440867963.85530484
0.00008105 24038468.37542647 1462461163.68860507 442504752.63217205
0.00008210 24573548.22777802 1464298157.31021547 444228748.34096146
0.00008317 25122682.30043457 1469230011.20572329 445235603.33142817
0.00008425 25686233.88697699 1481744247.34644890 446635414.19037569
0.00008534 26264574.91227914 1488369885.82040501 447734828.20256031
0.00008645 26858086.05565237 1502236528.12653208 448773569.41237086
0.00008757 27467156.86675822 1516534202.79708147 449574809.82581133
0.00008871 27727411.94557589 1531326526.09987307 450634398.92765653
0.00008986 27756905.28344607 1546512244.08592296 451849081.95723534
0.00009103 27787190.83169819 1549755224.94117808 453006881.70926166
0.00009222 27818290.42134824 1551953962.57097983 453945566.53649724
0.00009341 27850226.51394799 1554211600.13061237 455062454.43787992
0.00009463 27883022.22128655 1556529749.50805640 455899097.37526935
0.00009586 27916701.32578161 1558910068.31840706 456915342.76123273
0.00009710 27951288.30158763 1598561018.02930999 458153834.26394868
0.00009836 27986808.33645025 1618554822.28106737 460333161.82775497
0.00009964 28023287.35433644 1621381133.55876350 462648358.90154755
0.00010094 28060752.03887267 1624190136.08346581 464093528.46210206
0.00010225 28099229.85762309 1626960550.49453187 466127186.60056889
0.00010358 28138749.08724320 1639015362.15994191 467750432.74834657
0.00010492 28179338.83954429 1651178305.66079926 469422561.10183001
0.00010629 28221029.08850665 1654274883.45227313 470863688.03821498
0.00010767 28263850.69828123 1657381490.18307805 472186159.56137711
0.00010907 28307835.45222055 1660572751.15909910 473695708.06782317
0.00011048 28353016.08298269 1663851055.29885650 475215410.53404117
0.00011192 28399426.30375323 1667218862.75190067 476550546.54593277
0.00011337 28447100.84063271 1670635897.56074715 478568335.10335732
0.00011485 28496075.46623918 1679739338.09747386 480439768.92266691
0.00011634 28546387.03457800 1694702865.32700300 481844554.13927090
0.00011785 28598073.51723324 1698355474.47636342 483723229.08103430
0.00011938 28651174.04093771 1701950139.38291383 485702669.65733814
0.00012093 28705728.92658153 1716040392.69139075 488102294.10787511
0.00012250 28761779.72972184 1728420649.04052544 489496363.50537115
0.00012410 28819369.28265930 1733935622.21233511 493007843.93019283
0.00012571 28878541.73815035 1742292539.01378059 495510613.22229958
0.00012734 28939566.22300384 1750889557.82811809 497231816.58977222
0.00012900 29002639.15477843 1758570439.32284594 499589807.77595007
0.00013067 29067452.24089906 1765942292.48503828 502483508.71405005
0.00013237 29134055.85913951 1771926747.80124187 505114541.77565825
0.00013409 29202501.96791309 1778006652.15624428 508099983.88345081
0.00013583 29272844.16192377 1784308874.53849649 510165382.36392629
0.00013760 29345137.73005464 1792677544.26816821 512086600.89786494
0.00013939 29419439.71559472 1802963573.24832439 514468140.04682815
0.00014120 29495808.97891021 1819099152.72070694 517209206.69477022
0.00014303 29574306.26267130 1834620691.40413380 520630366.40780532
0.00014489 29654994.25975049 1870955569.74516487 523295078.61848760
0.00014677 29737937.68391526 1888611508.82458138 526149203.54574037
0.00014868 29823203.34344212 1906989553.24356103 529094188.37544703
0.00015061 29910860.21778686 1925759699.84843016 531907931.89436752
0.00015257 30000979.53745113 1945051328.29798961 535423405.01569653
0.00015455 30093634.86719238 1964767106.91134763 539530530.35649371
0.00015656 30188902.19273176 1984724399.23066831 543228123.63579392
0.00015860 30286860.01112129 2005238148.90438700 547183577.49885690
0.00016066 30387589.42493921 2026324501.83762383 550478377.22882950
0.00016274 30491174.24049090 2047823766.09737301 554136496.74484038
0.00016486 30597701.07020026 2070697206.85580802 557133734.92230737
0.00016700 30707259.43938554 2094000615.19015121 561871568.33763885
0.00016917 30819941.89762218 2117795732.34691954 566510185.33777523
0.00017137 30935844.13490434 2138693578.06914520 571837907.47642004
0.00017360 31055065.10282643 2163705482.28141928 576837146.81385863
0.00017585 31177707.14101578 2174798497.41549301 583512646.87513185
0.00017814 31303876.10905690 2199152724.64176798 588222470.90273619
0.00018045 31433681.52415913 2229120170.19158459 593628815.53987658
0.00018280 31567236.70482902 2259615196.48371935 597578218.24875975
0.00018517 31704658.92081984 2290867203.47541189 602836390.10223758
0.00018758 31846069.54964156 2322987934.39922094 608716485.54083514
0.00019001 31991594.23992507 2356001357.58500719 613380491.54901242
0.00019248 32141363.08194577 2386302993.47070122 618399548.64922523
0.00019498 32295510.78562231 2401974306.88795137 622598742.86901164
0.00019752 32454176.86631668 2418098741.48694134 628135415.36716795
0.00020008 32617505.83877302 2434637212.63669109 634976593.73950315
0.00020268 32785647.41954135 2451201438.04433537 640610633.33289766
0.00020532 32958756.73824298 2468232426.75538397 645807520.46638322
0.00020799 33136994.55804230 2485758305.35998678 651547902.44477081
0.00021069 33320527.50569742 2517778068.65249395 656806196.05338001
0.00021343 33509528.31156880 2567864550.72832394 662164941.93712473
0.00021620 33704176.05996948 2606027878.03511620 669001776.29794908
0.00021901 33904656.45024350 2626357312.74880743 676088658.17496228
0.00022185 34111162.06895979 2647627697.11306667 682848797.09774423
0.00022474 34323892.67360665 2700604474.32639933 686568601.15173054
0.00022766 34543055.48816554 2756587916.41022682 692758202.09344959
0.00023062 34768865.51093397 2740296131.91818047 699291766.15416884
0.00023361 35001545.83495251 2796768693.82921839 707758298.27622116
0.00023665 35241327.98137008 2854629944.58267450 715021091.87135339
0.00023972 35488452.24605561 2913414072.63432264 722858488.29688239
0.00024284 35743168.05972848 2946674308.27409840 731761546.84506893
0.00024599 36005734.36183671 2976587907.80398512 742097328.70874119
0.00024919 36276419.98835616 3034476382.63259363 751160374.25168467
0.00025243 36555504.07361755 3082353157.79916906 760142415.42598057
0.00025571 36843276.46618418 3134143525.67386293 769074157.04070258
0.00025903 37140038.15870665 3192969900.44002438 778309822.53774714
0.00026240 37446101.73155840 3253045875.59994316 788414933.15235186
0.00026581 37761791.80991734 3313929387.39053297 800431717.52159047
0.00026926 38087445.53378757 3362982201.07755184 811552946.96829629
0.00027276 38423413.04025780 3412077473.07676077 821526761.41415286
0.00027630 38770057.95705721 3473243637.27030468 831715275.88811660
0.00027989 39127757.90619530 3535545741.08433533 841936113.48273695
0.00028353 39496905.01614755 3598818852.59170055 853964039.89566433
0.00028721 39877906.44067509 3664241310.57825279 865566165.10474956
0.00029095 40271184.88192367 3730994849.00239944 877160024.20471084
0.00029473 40677179.11493998 3799055554.68208170 888226948.45318055
0.00029856 40613696.15079311 3868235383.77006435 897900997.21684647
0.00030244 37840097.12201144 3938523987.49247551 909111392.36126053
0.00030637 35257573.16440911 4009981215.35915041 921979517.46946645
0.00031035 33365986.01274153 4082547177.73371220 935329841.02270436
0.00031438 33664387.06329481 4156150937.44876575 948503564.81707001
0.00031846 33987787.86919690 4216429254.77261734 963715486.59192383
0.00032260 34372029.57423539 4290318087.27055788 979973833.30139875
0.00032679 34768514.59327690 4363248952.25136375 994201810.66584194
0.00033104 35177641.59669895 4373506564.23157501 1010510236.89048541
0.00033534 35599818.65233867 4430486453.76598072 1024476567.00548315
0.00033970 36035462.72075368 4505148340.40417194 1038464001.69115055
0.00034411 36484999.00603234 4579834543.57354832 1053909263.22552037
0.00034859 36948860.13981870 4654513599.68133354 1069038553.28698778
0.00035311 37427485.17329843 4728975967.78185558 1083864123.45343089
0.00035770 37921318.34864508 4792248346.88491249 1097171932.46775866
0.00036235 38430807.61783270 4851682299.28509808 1112691714.72243667
0.00036706 38956402.87275996 4900401460.62406540 1129013646.92779970
0.00037183 39498553.84628159 4900227725.53533268 1144404856.13081598
0.00037666 40057707.63900064 4966291922.15861034 1157702571.57516885
0.00038155 39906727.51625972 5007131252.58750439 1173584133.78666687
0.00038651 37549064.96466073 5063383037.92654610 1189672116.17392969
0.00039154 35325280.21487407 5085604514.04114056 1204023038.09252262
0.00039662 33568804.81075910 5117061405.63045692 1216764663.27721620
0.00040178 33895291.78245170 5112135467.45070076 1232316937.68904996
0.00040700 34239552.90384496 5182474101.28193569 1248363763.51621795
0.00041229 34464873.50656620 5249827632.75002766 1265027205.74450016
0.00041764 32842547.88835130 5314655265.95269775 1280489414.75499010
0.00042307 31294846.56062922 5325196172.77806664 1295193583.41992712
0.00042857 30250376.02615107 5316056178.66381931 1305010136.58268404
0.00043414 30608471.57854128 5324881525.26199722 1317873087.98416710
0.00043978 30984014.94163913 5340944052.03472900 1329009293.24161386
0.00044549 31377681.18446654 5330841373.08998013 1341509899.23654175
0.00045128 30540477.95339987 5351165744.13473892 1357046951.53899980
0.00045714 28605061.77657833 5369555633.04218578 1370767340.41529727
0.00046308 26786323.99167709 5356817426.90616131 1379008118.06145072
0.00046910 25077726.30999898 5320223787.05231190 1385158279.14983439
0.00047520 23473056.50846493 5275329653.29948044 1385851245.79353094
0.00048137 21966415.45260424 5264318713.56871128 1392625524.27421427
0.00048763 20552204.35346122 5247949085.10482311 1396842914.07748508
0.00049396 19225112.28369475 5156751998.79576397 1402944202.61132336
0.00050038 17980103.97408654 5087747332.33439636 1394670162.28265309
0.00050688 16812407.90800169 5035472713.26684189 1398094398.94654393
0.00051347 15717504.72805310 4921204271.70756245 1399964382.02278614
0.00052014 14691115.96625114 4872081652.55326271 1396107757.05256414
0.00052690 13729193.10626918 4834220824.05500031 1389485157.09895754
0.00053375 12827906.98407391 4780798033.63178444 1385801622.84408832
0.00054068 12272168.09896353 4683157482.17729759 1377822442.19360971
0.00054771 12491243.48709014 4628331478.26585197 1367061967.58566380
0.00055482 12719439.06300145 4529615907.14048481 1351351069.96594048
0.00056203 12956276.00199578 4426635367.85050678 1334629851.77787209
0.00056934 13201722.59788918 4314554554.99959564 1318120971.73298049
0.00057674 13455690.68595868 4199056477.01306438 1296501021.38344479
0.00058423 13375677.69033781 4080278849.30478001 1277570443.23380518
0.00059182 12583080.93807868 3979688328.13608646 1254772985.28558803
0.00059951 11835550.60844473 3900904813.06487131 1225014746.46942663
0.00060730 11130634.93819291 3778197346.82303524 1200630192.61923838
0.00061519 10466009.85118249 3647343989.39699030 1173740256.97084951
0.00062319 9839472.55718923 3518034468.76505709 1140981648.71166706
0.00063128 9248935.46259498 3414320522.59874678 1111716173.15434504
0.00063949 8692420.37811428 3310989879.16847181 1083944999.65219808
0.00064780 8168053.00939692 3246893753.97776318 1054195579.51043701
0.00065621 7674057.71699147 3145399024.17416763 1022909401.27790356
0.00066474 7208752.53277742 3030790828.90286636 991843519.30576515
0.00067338 6770544.42056973 2938367915.24543285 959715576.70646167
0.00068213 6357924.76916944 2827589694.85884190 926853741.20329857
0.00069099 5969465.10668290 2713454232.86616087 898717486.11777592
0.00069997 5603813.02545373 2625315331.42025089 864819469.85872436
0.00070907 5259688.30745441 2516484088.18632793 835025604.57605267
0.00071828 4935879.24046225 2410078772.04498911 802000075.86038494
0.00072761 4631239.11580353 2323692588.82907200 774728604.43781948
0.00073707 4344682.89888649 2226708583.49502087 742986725.22892380
0.00074664 4075184.06416274 2129394044.12608933 712454699.68805087
0.00075635 3821771.58655517 2034513240.64333820 684970220.08061755
0.00076617 3583527.08177235 1944085643.36290979 659682761.62029707
0.00077613 3359582.08829195 1856203706.85206175 629888045.11246026
0.00078621 3149115.48414389 1781891827.32967114 604558996.13613605
0.00079643 2951351.03195330 1708697128.10649681 576804977.97850609
0.00080678 2765555.04601986 1631840088.60189962 551862755.71305811
0.00081726 2591034.17550961 1554850574.94784498 526921420.09918070
0.00082788 2427133.29812238 1493054063.83255243 502631693.93898189
0.00083864 2273233.51886993 1421184694.50727916 478615103.90720952
0.00084954 2128750.26886034 1348187793.00102401 455211636.08292377
0.00086058 1993131.49923059 1292157274.56240034 434234328.18626285
0.00087176 1865855.96560530 1225830539.50487232 413101536.38527638
0.00088309 1746431.59868289 1162252566.55550051 393899492.16413730
0.00089456 1634393.95676410 1104177779.24222898 374774742.34510618
0.00090618 1529304.75623990 1048092354.43665934 356383853.92593652
0.00091796 1439878.81638494 993118859.58140361 339015075.38420016
0.00092989 1366521.56010851 941032675.14104569 322268996.91238129
0.00094197 1296888.78490957 891928977.10523939 306530442.10319233
0.00095421 1230792.01868051 847642319.09687209 291481531.47197878
0.00096661 1168052.27927954 805388886.89519453 277181537.64925379
0.00097917 1108499.60101307 765097997.15894210 263245901.06677070
0.00099189 1051972.58432382 727449812.88618124 250081573.04929432
0.00100478 998317.96759188 690117609.37688589 237295378.18815520
0.00101784 947390.22000197 655284899.40395927 225368891.63576615
0.00103106 899051.15447554 622130865.28963482 213985873.03310585
0.00104446 853169.55970951 590753518.38433242 203090428.06525576
0.00105803 809620.85040622 560910089.30952299 192791079.13295794
0.00107178 768286.73481966 532530781.47296917 182874216.73155096
0.00108571 729054.89878256 504708719.35131890 173410420.39202455
0.00109981 691818.70541665 478934080.21929336 164453754.11550617
0.00111411 656476.90976543 454440787.17851430 156038304.39862975
0.00112858 622933.38762308 431169504.71195740 148001486.95740399
0.00114325 591096.87786758 409063001.45162421 140367473.55158693
0.00115810 560880.73763798 388066174.34014738 133098870.71862227
0.00117315 532202.70972686 368126054.11361700 126070301.54656820
0.00118839 504984.70158863 349191795.17696434 119424732.29429911
0.00120384 479152.57539289 331214652.56308997 113181077.21941054
0.00121948 454635.94857902 314147948.32288736 107310307.43481272
0.00123532 431368.00439417 297947029.38408870 101751747.80891532
0.00125138 409285.31192191 282569218.64030272 96475975.98983468
0.00126764 388327.65513195 267973760.78565097 91460211.98730014
0.00128411 368437.87050468 254110252.97616622 86685775.09619004
0.00130079 349561.69280520 240948207.60120770 82140759.94661665
0.00131770 331647.60860257 228459128.66945490 77719679.17692582
0.00133482 314646.71714954 216331876.20350999 73595417.65866914
0.00135216 298512.59825657 204643382.67481947 69741106.39848833
0.00136973 283201.18681224 193954293.55994636 66074044.50541723
0.00138753 268670.65361859 184025203.21462563 62620389.90677877
0.00140556 254881.29222680 174599814.32167265 59333597.76339775
0.00142382 241795.41147347 165652753.94895113 56217152.13456065
0.00144233 229377.23343296 157159913.22431517 53278547.49413128
0.00146107 217592.79651486 149098386.30505946 50451751.92497738
0.00148005 206409.86344941 141335532.87632355 47779177.36861959
0.00149928 195797.83391597 133968138.12438431 45275032.00502066
0.00151877 185727.66158211 126979443.26987129 42900124.35974719
0.00153850 176171.77533210 120350147.36100473 40615016.12952050
0.00155849 167104.00447474 114061922.92946768 38448897.21159396
0.00157874 158499.50773072 108097368.67815995 36392263.42386732
0.00159926 150334.70580984 102439964.14198411 34461460.77130346
0.00162004 142587.21739750 97059628.42059045 32636482.82577679
0.00164109 135235.79837920 91902915.15999149 30919594.74855868
0.00166241 128260.28414016 87141253.34572729 29273529.37262338
0.00168401 121641.53478515 82567015.07404080 27702167.33241549
0.00170590 115361.38313170 78228827.11781190 26188348.32204862
0.00172806 109402.58533669 74114622.20928574 24751874.45104869
0.00175052 103748.77402389 70209764.07107171 23418793.60262518
0.00177326 98384.41378609 66503741.40381597 22149216.65934342
0.00179630 93294.75894216 62989560.88669907 20948466.23916542
0.00181965 88465.81343516 59657403.51846074 19834190.89672471
0.00184329 83884.29276348 56497951.03660201 18761348.74432449
0.00186724 79537.58784223 53502360.42582334 17764246.49256166
0.00189150 75413.73069743 50662239.70068180 16815042.47088882
0.00191608 70919.68986263 47969624.90451352 15889040.91572779
0.00194098 65882.72424392 45413143.15111783 15018416.20512462
0.00196620 61198.05107453 42939160.99067549 14197253.87610824
0.00199175 56841.53146403 40595858.29762042 13425802.35245767
0.00201763 52790.63494553 38376492.60238508 12691633.80686625
0.00204385 49024.33639613 36274664.83542207 11996372.78603071
0.00207041 45523.01920082 34351538.57265776 11329975.96209344
0.00209731 42268.38431316 32543495.45894524 10698427.84148426
0.00212456 39243.36488300 30828776.46898057 10111557.88616822
0.00215217 36432.04613715 29202626.51209920 9561564.42151308
0.00218013 33819.59021427 27660531.15280939 9045983.07436570
0.00220846 31392.16567030 26186339.02125984 8557423.77076865
0.00223716 29136.88138486 24755734.99893790 8097597.26435877
0.00226623 27041.72461278 23430582.28361624 7644181.14944215
0.00229567 25095.50293829 22163213.10437445 7225928.79929070
0.00232550 23287.78990178 20961140.50259378 6831198.50342425
0.00235572 21608.87408156 19822401.67650572 6446415.23247229
0.00238633 20049.71142426 18743731.55850538 6086532.87085039
0.00241734 18601.88062892 17722031.41605439 5754743.17958041
0.00244875 17257.54140030 16754360.39014984 5436275.76047806
0.00248057 16009.39539725 15837927.46715876 5130579.26939796
0.00251280 14850.64971127 14970083.86160927 4837804.79982848
0.00254545 13774.98272016 14148315.78869048 4565171.09063534
0.00257853 12776.51216991 13369455.95750037 4306611.48025643
0.00261203 11849.76534667 12638221.91377991 4063310.84004361
0.00264598 10989.65120845 11958290.88096175 3830247.50965133
0.00268036 10191.43435366 11313973.73925609 3610776.42164743
0.00271519 9450.71071104 10673443.25472561 3403971.39335835
0.00275047 8763.38484190 10063140.13554898 3208378.24394553
0.00278621 8125.64875242 9497583.48140473 3025339.71082043
0.00282241 7533.96211956 8968231.04451888 2854777.25553653
0.00285908 6985.03384010 8466936.53830135 2692381.97442045
0.00289623 6475.80481773 7992484.29608167 2533269.05958498
0.00293387 6003.43190812 7543679.37475608 2387565.58857194
0.00297199 5565.27294702 7119178.19778143 2250641.19453139
0.00301061 5158.87279093 6717706.00254894 2121705.01909190
0.00304973 4781.95030410 6338053.35317174 1999909.59413915
0.00308936 4432.38623005 5978986.75318800 1886158.66330310
0.00312950 4108.21188923 5639014.96727090 1777003.48931851
0.00317016 3807.59864846 5307008.98533636 1674506.95571536
0.00321136 3528.84811111 4993770.53422886 1576783.37096415
0.00325309 3270.38297994 4710877.34293102 1484470.00463333
0.00329536 3030.73854813 4439882.94772755 1398030.33562341
0.00333818 2808.55477626 4179447.24191640 1316302.63824801
0.00338155 2602.56891614 3933676.73148683 1239285.19115573
0.00342549 2411.60864468 3701778.79576025 1166937.67352803
0.00347000 2234.58567355 3489428.32191617 1098172.42416895
0.00351509 2070.48980237 3290035.17105371 1034092.68821020
0.00356077 1918.38338542 3101609.12226156 972070.90042483
0.00360703 1777.39618396 2918966.55364458 913581.04481511
0.00365390 1646.72057762 2750935.34071139 859267.78594632
0.00370138 1525.60711068 2592207.95731219 806909.46451930
0.00374948 1413.36035009 2439881.49877605 758422.43933401
0.00379820 1309.33503406 2297964.95783178 712960.98005240
0.00384755 1212.93249114 2159163.12030873 670058.77418324
0.00389755 1123.59731119 2026672.69817234 628229.12561876
0.00394819 1040.81425094 1909002.49649281 590222.69756265
0.00399950 964.10535787 1797688.30478213 554446.81442255
0.00405146 893.02729726 1684135.67949225 520116.27841968
0.00410411 827.16886839 1575984.00041825 488606.52148248
0.00415744 766.14869672 1474406.62272656 458908.60311415
0.00421146 709.61308975 1379033.04210733 430850.40377224
0.00426618 657.23404520 1289511.60613061 404523.97991539
0.00432162 608.70740083 1205529.34099424 379268.43575478
0.00437777 563.75111600 1129866.65473928 356070.52350549
0.00443466 522.10367576 1059749.92374449 334537.68844992
0.00449228 483.52260878 993971.85987641 314049.53566970
0.00455065 447.78311119 934513.60093517 294490.62254742
0.00460978 414.67676894 877192.68272207 276170.29989015
0.00466968 384.01037145 820827.04657047 258674.27778427
0.00473036 355.60481051 767953.54864755 242723.53392640
0.00479183 329.29405802 720238.63341665 227103.92478530
0.00485409 304.92421722 676165.77028471 212347.29915420
0.00491717 282.35264210 634726.51651557 198978.62453034
0.00498106 261.44712018 596073.12789268 186189.65558071
0.00504578 242.08511419 559680.10843387 174394.47840405
0.00511135 224.15305828 525420.93437929 163252.04880545
0.00517777 207.54570517 493175.86155942 152707.72394213
0.00524504 192.16552033 462831.57542591 143206.16901403
0.00531320 177.92211999 434280.85874874 133987.07040861
0.00538224 164.73174973 407422.27608986 125330.52932742
0.00545217 152.51680091 382159.87420893 117086.19649540
0.00552302 141.20536205 358957.45109995 109366.84753137
0.00559479 130.73080276 337975.68413965 102230.85406572
0.00566748 121.03138781 318171.53388248 95690.88269708
0.00574113 112.04991929 299481.45077996 89354.42036236
0.00581573 103.73340473 281024.56899300 83512.62175580
0.00589130 96.03274926 262809.74128865 78090.05819290
0.00596785 88.90247034 246199.17828753 72948.88060475
0.00604539 82.30043308 230800.46185223 68191.48434897
0.00612395 76.18760492 216119.17964901 63752.02434754
0.00620352 70.52782819 201474.93377997 59485.57490064
0.00628413 65.28760923 188227.53160881 55502.81002030
0.00636579 60.43592289 177714.53810960 51800.56629067
0.00644850 55.94403133 165901.78731902 48361.12718767
0.00653230 51.78531600 155266.90781476 45143.48938161
0.00661718 47.93512201 145642.22424588 42132.81029482
0.00670316 44.37061371 136262.37378265 39297.64728482
0.00679026 41.07064099 127440.04070042 36639.29793836
0.00687849 38.01561531 119057.96927606 34202.29801571
0.00696787 35.18739474 111193.99847086 31900.61662056
0.00705841 32.56917755 103813.80487421 29751.16514791
0.00715013 30.14540346 96924.57265229 27742.11026566
0.00724304 27.90166229 90478.34314953 25849.24615490
0.00733715 25.82460914 84447.69933335 24103.71433696
0.00743249 23.90188591 78806.84448873 22448.88227852
0.00752907 22.12204855 73524.25559119 20862.58388634
0.00762690 20.47449965 68585.15277892 19452.19286121
0.00772600 18.94942599 63962.81907193 18133.53411337
0.00782640 17.53774063 59487.98152395 16877.56299566
0.00792809 16.23102939 55460.63534310 15714.31085782
0.00803111 15.02150107 51761.24615892 14630.26529406
0.00813546 13.90194155 48301.13051215 13629.01619897
0.00824118 12.86567106 45065.41082092 12687.82849938
0.00834826 11.90650479 42042.34035754 11805.63688646
0.00845674 11.01871623 39216.28444710 10983.15963888
0.00856663 10.19700333 36592.85039549 10220.06064648
0.00867794 9.43645711 34153.84447172 9505.18842619
0.00879070 8.73253259 31871.31739833 8841.76050924
0.00890493 8.08102184 29735.67655277 8225.20117658
0.00902064 7.47802906 27719.69480521 7647.15027046
0.00913785 6.91994749 25808.37984463 7109.83095163
0.00925659 6.40343796 24025.67921128 6608.86177604
0.00937687 5.92540914 22363.19499466 6142.34471083
0.00949871 5.48299916 20821.29205491 5707.25776528
0.00962214 5.07355859 19392.08495976 5304.92315632
0.00974717 4.69463475 18058.50744311 4930.42374465
0.00987382 4.34395706 16814.35877623 4585.81501683
0.01000212 4.01942363 15649.08589729 4262.83031877
0.01013209 3.71908869 14539.66595583 3962.15650184
0.01026374 3.44115102 13511.34123105 3681.34074434
0.01039711 3.18394326 12577.54802376 3418.42288717
0.01053221 2.94592198 11708.04043038 3173.97319371
0.01066907 2.72565845 10897.19441063 2946.72046977
0.01080770 2.52183015 10141.16926551 2735.91559124
0.01094813 2.33321291 9436.21092000 2539.38646700
0.01109039 2.15867359 8779.05234185 2358.01948789
0.01123450 1.99716330 8157.96885208 2189.38688904
0.01138048 1.84771119 7586.47107489 2032.61288644
0.01152836 1.70941862 7044.63637592 1886.88038500
0.01167816 1.58145383 6540.84058355 1751.42717393
0.01182990 1.46304694 6072.46837365 1625.54235825
0.01198362 1.35348536 5639.07375254 1508.07108648
0.01213934 1.25210955 5240.37098698 1399.08339358
0.01229708 1.15830906 4869.30958279 1297.92915583
0.01245686 1.07151890 4524.01864847 1204.08212919
0.01261873 0.99121614 4202.75017521 1117.01319442
0.01278269 0.91691679 3903.87126901 1036.72558214
0.01294879 0.84817292 3625.85685002 962.47209517
0.01311705 0.78456994 3368.14708558 893.12657126
0.01328749 0.72572419 3131.29701682 828.24957652
0.01346015 0.67128055 2910.68312628 767.69288203
0.01363505 0.62091039 2705.22537417 711.50586071
0.01381222 0.57430957 2513.91299180 659.37790961
0.01399170 0.53119661 2335.75522485 611.02010793
0.01417350 0.49131101 2165.34502486 566.36096692
0.01435768 0.45441171 2006.54553592 524.98204717
0.01454424 0.42027561 1859.24881789 486.61264987
0.01473323 0.38869624 1722.63676674 451.00994847
0.01492467 0.35948256 1597.84156058 418.10786079
0.01511860 0.33245774 1482.26408414 387.53482073
0.01531505 0.30745817 1374.91758120 359.13097277
0.01551405 0.28433244 1275.22650508 332.72156103
0.01571564 0.26294044 1182.65466065 308.19669183
0.01591985 0.24315250 1096.70258915 285.45624153
0.01612671 0.22484866 1016.90512059 264.37221111
0.01633626 0.20791788 942.82908333 244.82563223
0.01654854 0.19225744 874.07116140 226.70594287
0.01676357 0.17777228 810.25589032 209.91040505
0.01698139 0.16437443 751.03378293 194.34356196
0.01720205 0.15198249 696.07957723 179.93530224
0.01742557 0.14052116 645.09059851 166.58019102
0.01765200 0.12992075 597.78522877 154.20383149
0.01788137 0.12011677 553.90147653 142.73545225
0.01811372 0.11104958 513.19564093 132.10932213
0.01834909 0.10266396 475.44106397 122.26439762
0.01858751 0.09490884 440.42696537 113.14402604
0.01882904 0.08773697 407.95735483 104.74825773
0.01907370 0.08110462 377.84893271 96.94996878
0.01932154 0.07497134 349.93151253 89.71308528
0.01957261 0.06929970 324.05004670 83.00822963
0.01982693 0.06405507 300.05814177 76.79690371
0.02008456 0.05920542 277.81976045 71.04334705
0.02034554 0.05472111 257.20850332 65.70872238
0.02060991 0.05057471 238.10693923 60.76904175
0.02087772 0.04674086 220.40598101 56.19029515
0.02114900 0.04319608 204.00430368 51.94784462
0.02142381 0.03991867 188.80780216 48.02204827
0.02170219 0.03688855 174.72908613 44.38952934
0.02198419 0.03408712 161.68700930 41.02861782
0.02226985 0.03149720 149.60623109 37.91922731
0.02255922 0.02910289 138.41680829 35.04274067
0.02285236 0.02688948 128.05381490 32.38190382
0.02314930 0.02484336 118.45698820 29.92072705
0.02345010 0.02295195 109.57039919 27.64439348
0.02375481 0.02120359 101.34214599 25.53917397
0.02406348 0.01958754 93.72406839 23.59234819
0.02437616 0.01809381 86.66043722 21.79761611
0.02469290 0.01671321 80.11179677 20.13846138
0.02501376 0.01543719 74.05216320 18.60425629
0.02533879 0.01425789 68.44543444 17.18568044
0.02566804 0.01316802 63.25814317 15.87410253
0.02600157 0.01216082 58.45926691 14.65561957
0.02633943 0.01123006 54.02005167 13.52528943
0.02668169 0.01036997 49.91384805 12.48086579
0.02702839 0.00957522 46.11595910 11.51806249
0.02737959 0.00884087 42.60334632 10.63149096
0.02773536 0.00816237 39.35381479 9.81216792
0.02809576 0.00753549 36.34901416 9.06000549
0.02846083 0.00695632 33.53539022 8.36644153
0.02883065 0.00642127 30.93294936 7.72534910
0.02920527 0.00592699 28.52855456 7.12915801
0.02958477 0.00547039 26.35152069 6.57686352
0.02996919 0.00504864 24.36056371 6.06566528
0.03035861 0.00465907 22.51674326 5.59566249
0.03075309 0.00429927 20.80001348 5.16266561
0.03115269 0.00396696 19.19928212 4.76272078
0.03155749 0.00366007 17.71938734 4.39200541
0.03196755 0.00337667 16.35202062 4.04841400
0.03238293 0.00311497 15.08407235 3.73129794
0.03280371 0.00287332 13.90883600 3.43864477
0.03322996 0.00265020 12.82331267 3.16859319
0.03366175 0.00244421 11.81495916 2.91942179
0.03409915 0.00225404 10.89733122 2.68908074
0.03454224 0.00207848 10.04361145 2.47596272
0.03499108 0.00191643 9.25551381 2.28108998
0.03544575 0.00176685 8.52822100 2.10012998
0.03590633 0.00162879 7.85711471 1.93447310
0.03637290 0.00150138 7.23792235 1.78216944
0.03684552 0.00138380 6.66669156 1.64259874
0.03732429 0.00127530 6.13976652 1.51241162
0.03780928 0.00117519 5.65376602 1.39189554
0.03830058 0.00108283 5.20556305 1.28086347
0.03879825 0.00099762 4.79226603 1.17867298
0.03930240 0.00091901 4.41120126 1.08385909
0.03981309 0.00084651 4.05989675 0.99597615
0.04033042 0.00077963 3.73606724 0.91674476
0.04085447 0.00071796 3.43706583 0.84388273
0.04138533 0.00066108 3.16114918 0.77671733
0.04192309 0.00060864 2.90696896 0.71480973
0.04246784 0.00056029 2.67278830 0.65720283
0.04301967 0.00051571 2.45455171 0.60418723
0.04357866 0.00047462 2.25322401 0.55520422
0.04414492 0.00043675 2.06807118 0.51021613
0.04471854 0.00040184 1.89782045 0.46832828
0.04529961 0.00036967 1.74129720 0.42989316
0.04588823 0.00034003 1.59741752 0.39495272
0.04648450 0.00031272 1.46518137 0.36263737
0.04708852 0.00028756 1.34366617 0.33333692
0.04770039 0.00026439 1.23392654 0.30656660
0.04832020 0.00024305 1.13463700 0.28148499
0.04894807 0.00022339 1.04319181 0.25835689
0.04958410 0.00020529 0.95898183 0.23693936
0.05022840 0.00018863 0.88144448 0.21748635
0.05088106 0.00017329 0.81006022 0.19984350
0.05154221 0.00015917 0.74434937 0.18351522
0.05221195 0.00014618 0.68317065 0.16830728
0.05289039 0.00013422 0.62679989 0.15440916
0.05357764 0.00012322 0.57572497 0.14154399
0.05427383 0.00011310 0.52873273 0.12979737
0.05497906 0.00010379 0.48549937 0.11900638
0.05569346 0.00009523 0.44572019 0.10911567
0.05641714 0.00008736 0.40882427 0.10004541
0.05715022 0.00008013 0.37468750 0.09171667
0.05789283 0.00007347 0.34334367 0.08405231
0.05864508 0.00006736 0.31456893 0.07700953
0.05940712 0.00006174 0.28815702 0.07054352
0.06017905 0.00005658 0.26391791 0.06461430
0.06096101 0.00005184 0.24189992 0.05918144
0.06175314 0.00004749 0.22174986 0.05418019
0.06255556 0.00004349 0.20323499 0.04959318
0.06336840 0.00003982 0.18623429 0.04538681
0.06419181 0.00003645 0.17062762 0.04152114
0.06502592 0.00003336 0.15630296 0.03796453
0.06587086 0.00003052 0.14306539 0.03472468
0.06672678 0.00002792 0.13075740 0.03179276
0.06759383 0.00002553 0.11948737 0.02910987
0.06847214 0.00002335 0.10918642 0.02660449
0.06936187 0.00002134 0.09991521 0.02433052
0.07026315 0.00001950 0.09141557 0.02225802
0.07117615 0.00001781 0.08362461 0.02034449
0.07210101 0.00001627 0.07648447 0.01858369
0.07303789 0.00001486 0.06994189 0.01699936
0.07398694 0.00001356 0.06394571 0.01553471
0.07494832 0.00001238 0.05844783 0.01419561
0.07592220 0.00001129 0.05326583 0.01295911
0.07690873 0.00001030 0.04844361 0.01182468
0.07790808 0.00000939 0.04405118 0.01077970
0.07892041 0.00000856 0.04024379 0.00983204
0.07994590 0.00000780 0.03677312 0.00896823
0.08098472 0.00000711 0.03359595 0.00818227
0.08203703 0.00000647 0.03068778 0.00746633
0.08310301 0.00000589 0.02802589 0.00680653
0.08418285 0.00000536 0.02559047 0.00620036
0.08527672 0.00000488 0.02336266 0.00564585
0.08638480 0.00000444 0.02132511 0.00514598
0.08750728 0.00000404 0.01946191 0.00468954
0.08864435 0.00000367 0.01775845 0.00427412
0.08979619 0.00000334 0.01619787 0.00389604
0.09096300 0.00000303 0.01475304 0.00354827
0.09214497 0.00000275 0.01343488 0.00323117
0.09334230 0.00000250 0.01223212 0.00294151
0.09455519 0.00000227 0.01113517 0.00267540
0.09578383 0.00000206 0.01013497 0.00243388
0.09702844 0.00000187 0.00922315 0.00221120
0.09828923 0.00000169 0.00839203 0.00201255
0.09956640 0.00000153 0.00763462 0.00183053
0.10086016 0.00000139 0.00692016 0.00166530
0.10217073 0.00000126 0.00629916 0.00151356
0.10349833 0.00000114 0.00573391 0.00137434
0.10484319 0.00000103 0.00521851 0.00124766
0.10620552 0.00000093 0.00474626 0.00113346
0.10758555 0.00000084 0.00431405 0.00103031
0.10898351 0.00000076 0.00392062 0.00093619
0.11039964 0.00000069 0.00356255 0.00084977
0.11183417 0.00000062 0.00323663 0.00077120
0.11328734 0.00000056 0.00294010 0.00070031
0.11475939 0.00000051 0.00267036 0.00063584
0.11625057 0.00000046 0.00242503 0.00057723
0.11776112 0.00000041 0.00220193 0.00052399
0.11929131 0.00000037 0.00199907 0.00047595
0.12084137 0.00000034 0.00181616 0.00043225
0.12241158 0.00000030 0.00165025 0.00039239
0.12400219 0.00000027 0.00149613 0.00035615
0.12561347 0.00000025 0.00135699 0.00032309
0.12724569 0.00000022 0.00123184 0.00029295
0.12889912 0.00000020 0.00111723 0.00026552
0.13057403 0.00000018 0.00101245 0.00024065
0.13227070 0.00000016 0.00091822 0.00021810
0.13398942 0.00000015 0.00083266 0.00019765
0.13573048 0.00000013 0.00075498 0.00017920
0.13749415 0.00000012 0.00068445 0.00016242
0.13928075 0.00000011 0.00062044 0.00014719
0.14109056 0.00000009 0.00056235 0.00013339
0.14292388 0.00000008 0.00050963 0.00012092
0.14478103 0.00000008 0.00046181 0.00010956
0.14666231 0.00000007 0.00041845 0.00009922
0.14856803 0.00000006 0.00037942 0.00008985
0.15049852 0.00000005 0.00034398 0.00008135
0.15245409 0.00000005 0.00031181 0.00007364
0.15443508 0.00000004 0.00028261 0.00006662
0.15644180 0.00000004 0.00025595 0.00006028
0.15847460 0.00000004 0.00023176 0.00005449
0.16053381 0.00000003 0.00020983 0.00004929
0.16261978 0.00000003 0.00018995 0.00004460
0.16473286 0.00000003 0.00017195 0.00004035
0.16687339 0.00000002 0.00015563 0.00003651
0.16904174 0.00000002 0.00014085 0.00003305
0.17123826 0.00000002 0.00012745 0.00002992
0.17346333 0.00000002 0.00011532 0.00002707
0.17571730 0.00000001 0.00010434 0.00002446
0.17800057 0.00000001 0.00009439 0.00002211
0.18031350 0.00000001 0.00008539 0.00001999
0.18265649 0.00000001 0.00007723 0.00001807
0.18502992 0.00000001 0.00006985 0.00001633
0.18743419 0.00000001 0.00006317 0.00001477
0.18986970 0.00000001 0.00005712 0.00001335
0.19233686 0.00000001 0.00005164 0.00001206
0.19483608 0.00000001 0.00004669 0.00001090
0.19736778 0.00000001 0.00004220 0.00000985
0.19993236 0.00000000 0.00003815 0.00000890
0.20253028 0.00000000 0.00003448 0.00000804
0.20516195 0.00000000 0.00003116 0.00000726
0.20782782 0.00000000 0.00002816 0.00000656
0.21052832 0.00000000 0.00002544 0.00000592
0.21326392 0.00000000 0.00002295 0.00000535
0.21603507 0.00000000 0.00002071 0.00000483
0.21884222 0.00000000 0.00001870 0.00000436
0.22168585 0.00000000 0.00001689 0.00000394
0.22456642 0.00000000 0.00001526 0.00000356
0.22748443 0.00000000 0.00001378 0.00000321
0.23044036 0.00000000 0.00001245 0.00000290
0.23343469 0.00000000 0.00001124 0.00000261
0.23646793 0.00000000 0.00001015 0.00000236
0.23954059 0.00000000 0.00000916 0.00000213
0.24265317 0.00000000 0.00000827 0.00000192
0.24580620 0.00000000 0.00000747 0.00000173
0.24900019 0.00000000 0.00000674 0.00000156
0.25223569 0.00000000 0.00000609 0.00000140
0.25551324 0.00000000 0.00000549 0.00000126
0.25883336 0.00000000 0.00000496 0.00000114
0.26219664 0.00000000 0.00000448 0.00000103
0.26560361 0.00000000 0.00000404 0.00000093
0.26905485 0.00000000 0.00000364 0.00000083
0.27255094 0.00000000 0.00000329 0.00000075
0.27609246 0.00000000 0.00000297 0.00000068
0.27968000 0.00000000 0.00000268 0.00000061
0.28331415 0.00000000 0.00000242 0.00000055
0.28699552 0.00000000 0.00000218 0.00000050
0.29072473 0.00000000 0.00000196 0.00000045
0.29450240 0.00000000 0.00000177 0.00000040
0.29832915 0.00000000 0.00000160 0.00000036
0.30220563 0.00000000 0.00000144 0.00000033
0.30613248 0.00000000 0.00000130 0.00000029
0.31011035 0.00000000 0.00000117 0.00000026
0.31413992 0.00000000 0.00000105 0.00000024
0.31822184 0.00000000 0.00000095 0.00000021
0.32235680 0.00000000 0.00000085 0.00000019
0.32654550 0.00000000 0.00000077 0.00000017
0.33078862 0.00000000 0.00000069 0.00000016
0.33508687 0.00000000 0.00000062 0.00000014
0.33944098 0.00000000 0.00000056 0.00000013
0.34385166 0.00000000 0.00000051 0.00000011
0.34831966 0.00000000 0.00000046 0.00000010
0.35284571 0.00000000 0.00000041 0.00000009
0.35743058 0.00000000 0.00000037 0.00000008
0.36207502 0.00000000 0.00000033 0.00000007
0.36677981 0.00000000 0.00000030 0.00000007
0.37154573 0.00000000 0.00000027 0.00000006
0.37637358 0.00000000 0.00000024 0.00000005
0.38126417 0.00000000 0.00000022 0.00000005
0.38621830 0.00000000 0.00000020 0.00000004
0.39123681 0.00000000 0.00000018 0.00000004
0.39632053 0.00000000 0.00000016 0.00000004
0.40147030 0.00000000 0.00000014 0.00000003
0.40668699 0.00000000 0.00000013 0.00000003
0.41197147 0.00000000 0.00000012 0.00000003
0.41732461 0.00000000 0.00000011 0.00000002
0.42274731 0.00000000 0.00000009 0.00000002
0.42824047 0.00000000 0.00000008 0.00000002
0.43380502 0.00000000 0.00000008 0.00000002
0.43944186 0.00000000 0.00000007 0.00000001
0.44515195 0.00000000 0.00000006 0.00000001
0.45093624 0.00000000 0.00000006 0.00000001
0.45679569 0.00000000 0.00000005 0.00000001
0.46273128 0.00000000 0.00000005 0.00000001
0.46874399 0.00000000 0.00000004 0.00000001
0.47483484 0.00000000 0.00000004 0.00000001
0.48100482 0.00000000 0.00000003 0.00000001
0.48725498 0.00000000 0.00000003 0.00000001
0.49358636 0.00000000 0.00000003 0.00000001
0.50000000 0.00000000 0.00000002 0.00000000
