frequencies psd_low psd_hi psd_mid
0.00000125 11308561.01508733 459733284.45994407 84397729.96697930
0.00000127 11313140.58238356 459733360.65973788 84397731.11633885
0.00000129 11317839.93941907 459733438.85270566 84397732.29576644
0.00000130 11322662.21966792 459733519.09098405 84397733.50604883
0.00000132 11327610.63857431 459733601.42807376 84397734.74799332
0.00000134 11332688.49569705 459733685.91887450 84397736.02242839
0.00000135 11337899.17691024 459733772.61972260 84397737.33020413
0.00000137 11343246.15666147 459733861.58842826 84397738.67219290
0.00000139 11348733.00028918 459733952.88431287 84397740.04928999
0.00000141 11354363.36640060 459734046.56825107 84397741.46241394
0.00000142 11360141.00931196 459734142.70270902 84397742.91250752
0.00000144 11366069.78155253 459734241.35178673 84397744.40053809
0.00000146 11372153.63643423 459734342.58126152 84397745.92749831
0.00000148 11378396.63068843 459734446.45863092 84397747.49440688
0.00000150 11384802.92717183 459734553.05315900 84397749.10230915
0.00000152 11391376.79764307 459734662.43592054 84397750.75227784
0.00000154 11398122.62561209 459734774.67985070 84397752.44541368
0.00000156 11405044.90926399 459734889.85979176 84397754.18284634
0.00000158 11412148.26445947 459735008.05254388 84397755.96573499
0.00000160 11419437.42781376 459735129.33691692 84397757.79526916
0.00000162 11426917.25985618 463481971.74361217 84397759.67266946
0.00000164 11434592.74827232 463675441.89927983 84397761.59918863
0.00000166 11442469.01123117 463675598.75831676 84397763.57611205
0.00000169 11450551.30079923 463675759.72039127 84397765.60475877
0.00000171 11458845.00644413 463675924.89283252 84397767.68648249
0.00000173 11467355.65862978 463676094.38577592 84397769.82267223
0.00000175 11476088.93250579 463676268.31223834 84397772.01475343
0.00000177 11485050.65169332 463676446.78819364 84397774.26418892
0.00000180 11494246.79217016 463676629.93264896 84397776.57247968
0.00000182 11503683.48625739 463676817.86772496 84397778.94116616
0.00000184 11513367.02671053 463677010.71873677 84397781.37182905
0.00000187 11523303.87091765 463677208.61427820 84397783.86609052
0.00000189 11533500.64520745 463677411.68630630 84397786.42561516
0.00000192 11543964.14927021 463677620.07023138 84397789.05211113
0.00000194 11554701.36069427 463677833.90500534 84415197.10166794
0.00000197 11565719.43962147 463678053.33321476 84415217.81538317
0.00000199 11577025.73352438 463678278.50117713 84415239.07092103
0.00000202 11588627.78210860 463678509.55903810 84415260.88245498
0.00000205 11600533.32234350 463678746.66087019 84415283.26452905
0.00000207 11612750.29362454 463678989.96477658 84415306.23206785
0.00000210 11625286.84307090 463679239.63299799 84415329.80038635
0.00000213 11638151.33096172 463679495.83201790 84415353.98520033
0.00000215 11651352.33631476 463679758.73267651 84415378.80263653
0.00000218 11664898.66261105 463680028.51028293 84415404.26924369
0.00000221 11678799.34366960 463680305.34473205 84415430.40200350
0.00000224 11693063.64967575 463680589.42062598 84446389.16654117
0.00000227 11707701.09336760 463680880.92739636 84446402.15210892
0.00000230 11722721.43638428 463681180.05942988 84446415.47735584
0.00000233 11738134.69578061 463681487.01619965 84446429.15116778
0.00000236 11753951.15071229 463681802.00239712 84446443.18266314
0.00000239 11770181.34929622 463682125.22806895 84446457.58119883
0.00000242 11786836.11565055 463682456.90875727 84446472.35637659
0.00000245 11803926.55711903 463682797.26564282 84446487.51804939
0.00000248 11821464.07168471 465153525.27826935 84446503.07632798
0.00000251 11839460.35557776 476312185.55694973 84446519.04158765
0.00000255 11857927.41108262 476940380.84805548 84446535.42447504
0.00000258 11876877.55454965 476940652.40260541 84446552.23591550
0.00000261 11896323.42461676 476940931.06052661 84446569.48712018
0.00000265 11916277.99064626 476941217.00764000 84446587.18959349
0.00000268 11936754.56138297 476941510.43462884 84446605.35514092
0.00000272 11957766.79383904 476941811.53716493 84446623.99587686
0.00000275 11979328.70241159 476942120.51603931 84446643.12423262
0.00000279 12001454.66823940 476942437.57729620 84446662.75296474
0.00000282 12024159.44880453 476942762.93237096 84446682.89516366
0.00000286 12047458.18778592 476943096.79823065 84446703.56426224
0.00000290 12071366.42517084 476943439.39751899 84446724.77404484
0.00000294 12095900.10763169 476943790.95870399 84446746.53865653
0.00000297 12121075.59917454 476944151.71623296 84446768.87261242
0.00000301 12146909.69206693 476944521.91068619 84446791.79080757
0.00000305 12173419.61805204 476944901.78893834 84446815.30852664
0.00000309 12200623.05985685 476945291.60432434 84446839.44145432
0.00000313 12228538.16300206 476945691.61680615 84446864.20568576
0.00000317 12257183.54792153 476946102.09314948 84446889.61773720
0.00000321 12286578.32239960 476946523.30709863 84446915.69455713
0.00000326 12316742.09433437 476946955.53956032 84446942.45353746
0.00000330 12347694.98483586 476947399.07879192 84446969.91252534
0.00000334 12379457.64166750 476947854.22059369 84446998.08983487
0.00000338 12412051.25304014 476948321.26850504 84447027.00425945
0.00000343 12445497.56176800 476948800.53400737 84447056.67508426
0.00000347 12479818.87979573 476949292.33673382 84447087.12209921
0.00000352 12515038.10310662 476949797.00468016 84447118.36561200
0.00000356 12551178.72702191 476950314.87442553 84447150.42646191
0.00000361 12588264.86190147 476950846.29135549 84447183.32603355
0.00000366 12626321.24925640 476951391.60989457 84447217.08627118
0.00000370 12665373.27828442 476951951.19374079 84447251.72969338
0.00000375 12705447.00283919 476952525.41610980 84447287.27940804
0.00000380 12746569.15884494 476953114.65998429 84447323.75912789
0.00000385 12788767.18216814 476953719.31836843 84447361.19318622
0.00000390 12832069.22695839 476954339.79455060 84447399.60655327
0.00000395 12876504.18447053 476954976.50237322 84447439.02485275
0.00000400 12922101.70238113 476955629.86650997 84447479.47437905
0.00000405 12968892.20461199 476956300.32274592 84447520.98211490
0.00000411 13016906.91167418 476956988.31827223 84447563.57574916
0.00000416 13066177.86154635 476957694.31198376 84447607.28369549
0.00000421 13116737.93110138 476958418.77478385 84447652.13511132
0.00000427 13168620.85809572 476959162.18990040 84447698.15991728
0.00000432 13221861.26373650 476959925.05320853 84447745.38881725
0.00000438 13276494.67584137 476960707.87356150 84447793.85331878
0.00000444 13332557.55260689 476961511.17313015 84447843.58575431
0.00000450 13390087.30700160 476962335.48775220 84447894.61930259
0.00000455 13449122.33179990 476963181.36729038 84447946.98801099
0.00000461 13509702.02527416 476964049.37599897 84448000.72681823
0.00000467 13571866.81756200 476964940.09290099 84448055.87157774
0.00000473 13635658.19772691 476965854.11217612 84448112.45908149
0.00000480 13701118.74153021 476966792.04355597 84448170.52708484
0.00000486 13768292.13993354 476967754.51273185 84448230.11433157
0.00000492 13837223.22835072 476968742.16177511 84448291.26057996
0.00000498 13907958.01666927 476969755.64956218 84448354.00662911
0.00000505 13980543.72006162 476970795.65221840 84448418.39434659
0.00000512 14055028.79060694 476971862.86356765 84448484.46669608
0.00000518 14131462.94974529 476972957.99559754 84448552.26776648
0.00000525 14209897.22158577 476974081.77893430 84448621.84280086
0.00000532 14290383.96709152 476975234.96333224 84448693.23822744
0.00000539 14372976.91916472 479417029.29482925 84448766.50168997
0.00000546 14457731.21865548 487115595.58757740 84448841.68208018
0.00000553 14601807.21110803 487149045.06931537 84448918.82956991
0.00000560 14644115.39177308 487153687.07795125 84448997.99564531
0.00000567 14802246.67580582 487158450.56111467 84449079.23314077
0.00000575 14950423.55395780 487163338.69907957 84449162.59627460
0.00000582 15065096.52696468 487168354.75545830 84449248.14068520
0.00000590 15181007.32800862 487173502.07939011 84449335.92346838
0.00000597 15299950.94294157 487178784.10778707 84449426.00321548
0.00000605 15422006.75113779 487184204.36763859 84449518.44005269
0.00000613 15547256.21095305 487189766.47837740 84449613.29568131
0.00000621 15713783.09979012 487195474.15430689 84449710.63341910
0.00000629 16120737.56323231 487201331.20709383 84449810.51824248
0.00000637 16340834.87598367 487207341.54832643 84449913.01683049
0.00000645 16348026.30478141 487213509.19213796 84450018.19760898
0.00000654 16355405.92462849 487219838.25790328 84450126.13079686
0.00000662 16370657.31802899 487226332.97300369 84464573.64145653
0.00000671 16520729.62603315 487232997.67566478 84464447.29718955
0.00000680 16671941.17536264 487239836.81787217 84464317.64905353
0.00000688 16826020.73705904 487246854.96835971 84464184.61067711
0.00000697 16984142.07865885 487254056.81568176 84464048.09343208
0.00000706 17149942.20361288 487261447.17136139 84463908.00637478
0.00000716 17311518.65282698 487269030.97312671 84463764.25618541
0.00000725 17315138.92593567 487276813.28822917 84463616.74710622
0.00000734 17318853.97397060 487284799.31685132 84463465.38087788
0.00000744 17322666.28016492 487292994.39560491 84463310.05667388
0.00000753 17474036.08379408 487301404.00112069 84463150.67103411
0.00000763 17639959.10127465 487310033.75373381 84462987.11779572
0.00000773 17810226.06370048 487318889.42126620 84462819.28802277
0.00000783 17984950.80169020 492965790.86311507 84462647.06993392
0.00000793 18164250.13415777 493021396.75820261 84462470.34882811
0.00000804 18348243.94704229 493023352.96954578 84462289.00700860
0.00000814 18537055.27412638 493025360.39268124 84492857.81325895
0.00000825 18730810.37999900 493027420.36945522 84492741.97450246
0.00000835 18929638.84522077 493029534.27693510 84492623.11096787
0.00000846 19133673.65375076 493031703.52833629 84492501.14381179
0.00000857 19343051.28269557 493033929.57397556 84539634.25011045
0.00000868 19557911.79444342 493036213.90224761 84539907.79665750
0.00000880 19778398.93124764 493038558.04062963 84540188.50617343
0.00000891 20004660.21232504 493040963.55671185 84540476.56643571
0.00000903 20236847.03353791 493043432.05925328 84540772.17015567
0.00000914 20475114.76972834 493045965.19926876 84541075.51510870
0.00000926 20719622.87977758 493048564.67114449 84541386.80426773
0.00000938 20970535.01446345 493051232.21377957 84541706.24594077
0.00000951 21228019.12719156 493053969.61176395 84542034.05391169
0.00000963 21492247.58767840 493056778.69658089 84542370.44758487
0.00000975 21763397.29866618 493059661.34784842 84542715.65213379
0.00000988 22041649.81575144 493062619.49458760 84543069.89865354
0.00001001 22261370.35320852 493065655.11652911 84543433.42431727
0.00001014 22261778.69819853 493068770.24545228 84543806.47253710
0.00001027 22262197.73482773 493071966.96656156 84544189.29312915
0.00001041 22262627.74331865 493075247.41989726 84544582.14248294
0.00001054 22263069.01125334 493078613.80178601 84544985.28373547
0.00001068 22270817.77287467 493082068.36633015 84545398.98694986
0.00001082 22281310.87625593 493085613.42693585 84545823.52929878
0.00001096 22292078.90098425 493089251.35788167 84546259.19525295
0.00001110 22303129.06221412 493092984.59593177 84592658.05341242
0.00001124 22314468.76509851 493096815.64198768 84593649.61222219
0.00001139 22326105.60982577 493100747.06279075 84594667.12233755
0.00001154 22338047.39679189 493104781.49266398 84595711.26337345
0.00001169 22350231.05365316 493108921.63530314 84596782.73276463
0.00001184 22362489.66911107 493113170.26561868 84597882.24623376
0.00001199 22375069.56766843 493117530.23162240 84599010.53827235
0.00001215 22387979.18674823 493122004.45636714 84600168.36263406
0.00001231 22401227.18624830 493126595.93993938 84601356.49284136
0.00001247 22414822.45445444 493131307.76150501 84602575.72270550
0.00001263 22428774.11411296 493136143.08140749 84603826.86685984
0.00001279 22443091.52866732 493141105.14332855 84605110.76130787
0.00001296 22457784.30866322 493146197.27649993 84606428.26398540
0.00001313 22472862.31832721 493151422.89798188 84607780.25533772
0.00001330 22488335.68232316 493156785.51499760 84609167.63891196
0.00001347 22504214.79269202 493162288.72733396 84610591.34196526
0.00001365 22524988.64212539 493167936.22980595 84648805.68228638
0.00001382 22542144.35391127 493173731.81478971 84650435.50995700
0.00001400 22559750.01623424 493179679.37482005 84652108.01159537
0.00001418 22577817.46239696 493185782.90526474 84760992.88529448
0.00001437 22596358.83860049 493192046.50706571 84762430.07863796
0.00001456 22615386.61230641 493198474.38955706 84763904.91670601
0.00001474 22634913.58082677 493205070.87336171 84765418.38694093
0.00001494 22654952.88014875 493211840.39336234 84915879.98257554
0.00001513 22675517.99400019 493218787.50175810 84932272.26371942
0.00001533 22696622.76316325 493225916.87120265 84933619.52760440
0.00001553 22718281.39504306 493233233.29802591 85126429.39213249
0.00001573 22740196.84549734 493240741.70554900 85126627.09258601
0.00001593 22762430.98626422 493248447.14748484 85126830.00773922
0.00001614 22785248.78261071 493256354.81143492 85127038.27629751
0.00001635 22808665.61095340 493264470.02248150 85127252.04071648
0.00001656 22832697.25569006 493272798.24687755 85127471.44730663
0.00001678 22857359.92017463 493281345.09584010 85127696.64634103
0.00001699 22882670.23799481 493290116.32944578 85127927.79216602
0.00001722 22908645.28456147 493299117.86063528 85128165.04331568
0.00001744 22937984.51748634 493308355.75932842 85128408.56262881
0.00001767 22968493.84406880 493317836.25665212 85128658.51737045
0.00001790 23088028.86200729 493327565.74928623 85278929.33637069
0.00001813 23220493.74410909 493337550.80393010 85280852.41923307
0.00001836 23355220.39734502 493347798.16189045 85294229.35213119
0.00001860 23422418.31895987 493358314.74380100 85409258.93299651
0.00001884 23429184.02152870 493369107.65447086 85410047.33236818
0.00001909 23542018.89097818 497757097.63276672 85484411.81792745
0.00001934 23682527.92667161 497966765.18232745 85485382.79561403
0.00001959 23824452.38326715 497973989.58619928 85486379.26846191
0.00001984 23968765.03456395 497981403.89626443 85487401.90851337
0.00002010 24116872.31011259 497989013.12948871 85488451.40566301
0.00002036 24268874.50043951 497996822.43668574 85489528.46814007
0.00002063 24424874.57278372 498004837.10615522 85490633.82300252
0.00002089 24498583.75088442 498013062.56742293 85491768.21664649
0.00002117 24768359.18441568 498021504.39508981 85575027.92848217
0.00002144 24779098.83866011 498030168.31278574 85580661.66913271
0.00002172 24780021.39960596 498039060.19723755 85582692.03917643
0.00002200 24780968.13545507 498048186.08245158 85584775.78858963
0.00002229 24781939.68086297 498057552.16401428 85586914.32800278
0.00002258 24782936.68720873 509350403.97750258 85589109.10570797
0.00002287 24783959.82303907 509485114.09363949 85591361.60868467
0.00002317 24785009.77452419 509534019.11607128 85593673.36365427
0.00002347 24786087.24592608 510253206.48433810 85671038.13463125
0.00002377 24787192.96007930 513895238.59393382 85713575.92548761
0.00002408 24788327.65888494 513922580.80713373 85776974.20010813
0.00002439 24789492.10381773 513950644.19029373 86009423.19655091
0.00002471 24794236.62096656 513979447.92274284 86151970.90368322
0.00002503 25157342.02036082 514009011.70210630 86156238.13412568
0.00002536 25158626.27296836 514039355.75873238 86160617.73108345
0.00002569 25159944.20084253 514070500.87054563 86165112.67346598
0.00002602 25161296.68924486 514102468.37833309 87099318.97828317
0.00002636 25162684.64682760 516691674.61638916 87910875.77730489
0.00002670 25164109.00625803 517073323.29060525 87915059.63237454
0.00002705 25165570.72485976 518305389.90431970 87919353.58183798
0.00002740 25167070.78527157 522265500.81318617 87923760.54034536
0.00002776 25168610.19612417 522353890.29857087 87928283.50063998
0.00002812 25170189.99273549 522444625.14798933 87932925.53570011
0.00002848 25171811.23782491 522537768.46128249 87993390.78249627
0.00002885 25173475.02224709 522633385.08030802 87996275.02467637
0.00002923 25176991.48222673 522731541.63924313 87999235.61318129
0.00002961 25180686.62600546 522832306.61644524 88103765.48462790
0.00002999 25184479.19742950 522935750.38792038 88107691.05484691
0.00003038 25189523.69735404 523041945.28245795 88111720.02936818
0.00003078 25284088.14753311 523150965.63848656 88115855.15128893
0.00003118 25307816.84824217 523262887.86270779 88120099.23749082
0.00003158 25398353.13897624 523377790.49057430 88124455.18067758
0.00003199 25491289.70905802 523495754.24866772 88128925.95147184
0.00003241 25586691.01427832 523616862.11904889 88133514.60057271
0.00003283 25636556.25730765 523741199.40564632 88138224.26097614
0.00003326 25638058.61764420 523868853.80274868 88143058.15026008
0.00003369 25639600.39133256 523999915.46568000 88148019.57293651
0.00003413 25659902.82483880 525592869.00865430 88153111.92287201
0.00003457 25792680.57043279 525647014.28002167 88177268.13500616
0.00003502 25797598.35016361 525702590.64934230 88217469.68787834
0.00003547 25800911.81539871 529113624.62729919 88325606.24636869
0.00003593 25803732.73373391 529682003.37177175 88398084.57877591
0.00003640 25806627.84423226 530166584.09466350 88416908.57140577
0.00003687 25809599.10911864 530404910.26468080 88436252.52738225
0.00003735 25812648.54309438 530649624.83847576 88446833.74467635
0.00003784 25815778.21477125 530900902.97618562 88457693.40000042
0.00003833 25818990.24814649 531158924.83545983 88468838.86512196
0.00003883 25822286.82411969 531423875.72323185 88480277.70936105
0.00003933 25825670.18205327 531695946.25249082 88492017.70501049
0.00003984 25829142.62137738 531975332.50422341 88504066.83291146
0.00004036 25832706.50324100 542885061.29404867 88516433.28818977
0.00004089 25836364.25221051 556579313.61918473 88529125.48615643
0.00004142 26047079.26393427 563402616.22598171 88542152.06837934
0.00004196 26051346.80619764 563649061.02069795 88555521.90893003
0.00004250 26055726.91009627 563749504.14431405 88569244.12081179
0.00004305 26062717.96977319 563852631.79945159 88583328.06257421
0.00004361 26174556.38770873 563958517.16733587 88597783.34512115
0.00004418 26265623.70551162 564067235.49431860 88612619.83871652
0.00004475 26348889.90390016 564178864.15338242 88627847.68019608
0.00004533 26469094.02492182 564293482.70760131 88643477.28039050
0.00004592 26471984.13629812 564411172.97562945 88659519.33176680
0.00004652 26474950.21291725 564532019.09928799 88675984.81629564
0.00004712 26477994.26141540 564656107.61331236 88687590.25652216
0.00004774 26481118.34196117 570233846.65433729 88698639.39790750
0.00004836 26484324.56971161 579754705.08226573 88728036.20284724
0.00004899 26487615.11630933 580024723.25180972 88731797.03277200
0.00004962 26490992.21142184 580301997.89386022 88733579.78020468
0.00005027 26494458.14432470 586711269.55189323 88745851.35531947
0.00005092 26498015.26552924 587225648.57183743 88758449.45416363
0.00005158 26501665.98845694 587547382.56873155 88771382.91219808
0.00005225 26505412.79116105 597025353.62878680 88784660.81169498
0.00005293 26514086.82249999 612104917.65082848 88798292.48903260
0.00005362 26710591.07133012 614773911.82860172 88813313.29516733
0.00005432 26811557.21401970 615272427.51543307 88844029.92276764
0.00005502 26808481.16458584 615609202.77097595 88931910.54469502
0.00005574 26805326.40892874 615717048.16888630 88945246.25583175
0.00005646 26802090.98201515 615827810.63794875 88952668.32909685
0.00005719 26798772.87243750 615941571.42209470 88954990.00281134
0.00005794 26795370.02147215 616058414.13913822 88957673.51859590
0.00005869 26791880.32212772 616178424.85492241 88978777.43040098
0.00005945 26788301.61818409 623168019.22318637 89000480.82106738
0.00006022 26784631.70322277 638905184.76797760 89022801.89025789
0.00006101 26780868.31964926 646539741.54173827 89028913.10640456
0.00006180 26777009.15770813 633609061.89955509 89045633.74665363
0.00006260 26773051.85449167 643082067.20997024 89064508.89443617
0.00006342 26768993.99294306 659769893.70282137 89077555.00049883
0.00006424 26764833.10085499 660595898.10453010 89090986.39545080
0.00006508 26760566.64986477 661224424.27881324 89106078.08668724
0.00006592 26756192.05444729 661870351.89362049 89183988.44252594
0.00006678 26751706.67090684 662534186.50221086 89386397.94006974
0.00006765 26747107.79636950 663216449.49479222 89422388.16310005
0.00006852 26742392.66777720 663917678.64523804 89459338.77029821
0.00006941 26737558.46088549 671350148.66813350 89511649.76388663
0.00007032 26732602.28926659 688634032.97394311 89561677.08873913
0.00007123 26727521.20331954 699061613.68884408 89596722.04992567
0.00007216 26722312.18928970 705825687.17448246 89628898.06978360
0.00007309 26716972.16829969 723849965.15318465 89645240.63756692
0.00007404 26711497.99539426 737229164.06392658 89681905.77017216
0.00007501 26705886.45860155 756138351.78029454 89719584.71220902
0.00007598 26700134.27801355 775667510.84145045 89758306.89349027
0.00007697 26694238.10488888 795535305.93389452 89798102.66852805
0.00007797 26699334.73134461 816002378.79231095 89840670.20057452
0.00007898 26707894.71293552 822502495.03652084 89856300.57595782
0.00008001 26716682.04262735 823197743.85668743 89888634.06972422
0.00008105 26725702.85151669 823912279.77901924 89931854.66226295
0.00008210 26736072.97509994 824646666.56547105 89976282.91951463
0.00008317 26798233.70326095 826601772.89077437 90004244.33775744
0.00008425 26893366.04816083 827664798.64467537 90053122.28793180
0.00008534 26991225.19700704 841709791.16367805 90117176.37330000
0.00008645 27070011.25588202 863058343.99454093 90166803.90897401
0.00008757 27040758.06073623 884897520.83491218 90217829.49687168
0.00008871 27010766.12960803 907232713.84277284 90270295.01804247
0.00008986 26980017.58095839 930068769.92533660 90324243.73119012
0.00009103 26948494.14524451 953409921.05150664 90385801.07569192
0.00009222 26916177.15927076 977259709.09025848 90518155.87772486
0.00009341 26883047.56065343 1001620904.91087568 90573145.06645381
0.00009463 26861612.66325096 1026495421.49153733 90629701.91582653
0.00009586 26873647.66739873 1051884220.79863477 90687874.30985895
0.00009710 26886645.97116113 1077787214.22097254 90747711.75066918
0.00009836 26900892.62273850 1104203156.37210321 90798947.66879943
0.00009964 26915520.57322887 1131129532.11083388 90876893.15380928
0.00010094 26930540.26190192 1158562436.67632914 90963048.32308948
0.00010225 26945962.42635168 1186496448.89066434 91053648.53599477
0.00010358 26961798.11168698 1214924497.45001984 91132137.10119286
0.00010492 26978058.68003949 1243837720.40686560 91220337.97701734
0.00010629 26994755.82040259 1273225318.04108167 91322742.35194796
0.00010767 27016308.62339394 1303074399.42913365 91417608.86501944
0.00010907 27028900.51814622 1333369823.14858818 91499044.64570434
0.00011048 27045931.43591060 1364094032.70172882 91640861.06844158
0.00011192 27063421.18539808 1395226887.40752363 91659002.83589874
0.00011337 27081382.48927668 1426745489.69716144 91709015.28175458
0.00011485 27099828.44229287 1458624009.95469904 91825526.90301669
0.00011634 27118772.52317484 1490833510.27177048 92017502.58806410
0.00011785 27138228.60696973 1523341768.73317504 92107619.03114393
0.00011938 27158324.32532550 1556113106.11754727 92217125.88484913
0.00012093 27180010.39835613 1589108217.18246746 92372783.63186663
0.00012250 27202283.42744346 1622284009.00391340 92533097.89434606
0.00012410 27225159.83444769 1655593449.15152264 92664507.88470876
0.00012571 27248656.52939363 1688985426.79969740 92742050.74443322
0.00012734 27272790.92650904 1722404630.19300485 92775542.49161373
0.00012900 27297580.96086953 1755791444.19537234 92865951.83701721
0.00013067 27323045.10567658 1789081871.94680476 92865665.21003303
0.00013237 27349202.39019729 1822207484.91759777 92873249.52493590
0.00013409 27352783.89226381 1855095405.87583184 92987372.00635394
0.00013583 27351164.88552152 1887668329.45533490 93128777.91373824
0.00013760 27432032.11204089 1919844585.11212826 93612138.35273877
0.00013939 27461164.03689609 1951538247.27191997 93751549.42089042
0.00014120 27491093.26687125 1982659297.38113976 93966798.07746983
0.00014303 27521842.58536544 2013113842.36272383 94119002.57497768
0.00014489 27564718.55170894 2042804393.62786913 94311017.54646949
0.00014677 27615481.89331827 2071630210.29108119 94485528.28338730
0.00014868 27668972.10717440 2099487709.56476903 94598673.60768205
0.00015061 27723195.86952939 2126270946.46212006 94822383.92766562
0.00015257 27778978.82247215 2151872163.90754890 94934426.41523650
0.00015455 27836369.70403995 2176182413.14421606 95115766.21871699
0.00015656 27895418.99020818 2199092242.94574451 95302303.08822402
0.00015860 27956178.96848524 2220492454.60031891 95494198.52786382
0.00016066 28017231.35925999 2240274917.96516466 95683749.24297655
0.00016274 28079453.83931477 2258333442.12223434 95839998.95458424
0.00016486 28143498.54233878 2274564692.34564400 96017542.45393075
0.00016700 28210944.35380271 2288869143.27075148 96104148.18145588
0.00016917 28280436.10886361 2301152056.39466000 96256861.87589882
0.00017137 28351973.36536738 2311324468.40462065 96402755.94766727
0.00017360 28425622.70226837 2319304175.39540195 96533160.51116771
0.00017585 28501453.21924153 2325016696.86973715 96818036.44298650
0.00017814 28579536.65151405 2328396202.58641720 97090986.62838084
0.00018045 28659947.49098126 2329386384.88990402 97319316.52678847
0.00018280 28741827.96539710 2327941259.17485476 97573756.46389572
0.00018517 28749912.06333523 2324025875.64585066 97811657.47494678
0.00018758 28758791.90661965 2317616926.54579782 98141608.40508802
0.00019001 28768521.04519979 2308703234.54539728 98438413.71996690
0.00019248 28779156.29001772 2297286109.98750257 98691318.20848383
0.00019498 28790757.90444193 2283379567.11935806 98769757.35237825
0.00019752 28803389.80656017 2267010392.25573397 99036666.05661856
0.00020008 28817119.78288655 2248218059.91166878 99423441.15858309
0.00020268 28832019.71405581 2227054496.22346544 99679267.13533734
0.00020532 28848165.81309279 2203583692.32939434 99702873.12341920
0.00020799 28865207.17595035 2177881173.68957138 99974391.00816825
0.00021069 28882797.93184140 2150033334.47193098 100397216.46116060
0.00021343 28901879.25316540 2120136649.00763083 100854054.33025113
0.00021620 28922548.18790018 2088296774.82772994 101264489.39105947
0.00021901 28944907.60655126 2054627563.85262871 101667034.09714340
0.00022185 28958437.61833227 2019249999.85706067 101821495.88453621
0.00022474 28937339.73694149 1982291081.33984089 102136176.59243746
0.00022766 28922066.63668828 1943882669.37645459 102554387.54546902
0.00023062 28908654.72004614 1904160319.93516970 102927231.08601260
0.00023361 28842559.57630913 1863262119.52599192 103278926.19885698
0.00023665 28770668.83036202 1821327541.97850060 103680964.99180394
0.00023972 28696507.22925976 1778496342.67470598 104185801.62642050
0.00024284 28622347.47836740 1734907504.77443004 104586356.96615875
0.00024599 28740604.47846662 1690698249.94507074 105139063.09498379
0.00024919 28874972.51469313 1646003123.93001151 105544153.88168836
0.00025243 28880709.82747604 1600953165.04181933 106124447.42654487
0.00025571 28944765.13195011 1555675161.42408586 106680656.52830017
0.00025903 29083456.94976741 1510291000.75604463 107090205.00239661
0.00026240 29212349.52091949 1464917114.03486729 107572823.93304938
0.00026581 29210472.19721391 1419664013.20566702 108451316.67192492
0.00026926 29314423.89340974 1374635920.75339270 109053300.20972906
0.00027276 29323646.12557916 1329930487.94436884 109863419.69123681
0.00027630 29457644.64787870 1285638597.21968484 110038951.52470848
0.00027989 29598916.05189412 1241844243.29844236 110619439.45311487
0.00028353 29494289.84902040 1198624486.83936357 111642776.30114475
0.00028721 29711867.67415608 1156049474.01979566 112517446.85646284
0.00029095 29999077.27770199 1114182515.10417914 113323985.97063383
0.00029473 30130867.72921467 1073080214.96595871 114077916.20303899
0.00029856 30033163.85033413 1032792648.57480764 114688083.42258844
0.00030244 29918784.34418365 993363574.63918602 115343572.41004500
0.00030637 30153997.85533071 954830680.87828064 116051891.23200527
0.00031035 30032105.34139233 917225854.76386082 116856255.99072087
0.00031438 30191437.63718684 880575473.99967706 117770652.83575520
0.00031846 30135543.77931228 844900711.47385728 118486348.30879658
0.00032260 29956968.20120709 815681963.13539410 119529910.92254716
0.00032679 30303698.81713089 790056129.39578688 120567804.38357426
0.00033104 30814901.00526559 760964497.79776120 121639179.31031856
0.00033534 31166967.32187808 738037392.13517261 122710672.75796632
0.00033970 31102964.98004622 713609023.05177784 123616400.18660280
0.00034411 31066561.08761090 708516277.61052096 124798365.97016117
0.00034859 31087506.66592519 704689625.42819142 126281992.77025282
0.00035311 31056657.45372212 673688697.74329972 127351185.14661117
0.00035770 30822682.22952440 647392115.88205874 128063659.63622844
0.00036235 30737249.73491193 626500959.60948086 129412358.62890947
0.00036706 31112743.86419666 617649675.29665399 130973868.70800525
0.00037183 31500648.05923614 609609544.46334338 132110324.07932155
0.00037666 31511949.58499194 591969758.99332607 133201180.38927957
0.00038155 31535293.02373275 578757542.91711199 134198076.28892367
0.00038651 31559977.00756124 573202111.04535246 135225785.54267332
0.00039154 31322462.97217508 556914618.18286908 136477387.82324934
0.00039662 31105400.41497052 543329831.94642913 137657136.46221823
0.00040178 30940542.39409047 522448855.56906807 138835330.47882965
0.00040700 31211208.80435488 517919696.51640612 139187069.03594434
0.00041229 31492536.72854317 504933663.11924213 140138949.90361315
0.00041764 31791749.60529312 498500564.48217702 141708142.71450448
0.00042307 32108634.42309168 492147911.95903885 142508532.15287384
0.00042857 32439209.63791617 482762118.55195600 143144102.15793374
0.00043414 32349325.27023014 472972995.49280488 143902131.17010924
0.00043978 32522217.67799931 456001144.78821421 144597183.03266692
0.00044549 33072444.00178131 445150802.61179066 144988315.54094478
0.00045128 33647017.83393378 441595779.55842459 145739194.51062462
0.00045714 34228005.47370775 433407810.46225089 146007625.34271193
0.00046308 34698661.74235270 438800787.45199656 145764487.13681358
0.00046910 35130042.47042394 440543940.12920731 146599960.04311889
0.00047520 35579170.49419720 435589738.87865454 147164197.16115230
0.00048137 35924299.99201066 438845728.20450681 145852046.43441820
0.00048763 36399812.01503105 434580022.70982766 145712870.36461344
0.00049396 36760302.66472007 422494417.97001284 146253241.02526385
0.00050038 37012849.49708038 433683771.71349901 146448414.61540085
0.00050688 37303183.62430862 442718763.13571054 146352842.97457838
0.00051347 37628616.12327370 460374966.02541906 142159300.50303823
0.00052014 37985932.68161759 479442128.88420278 141495433.49168721
0.00052690 38322583.23032025 505821298.99876052 140415714.31667495
0.00053375 38517649.14253160 532861942.81530964 139364873.68824029
0.00054068 38590573.46959051 563203981.78500640 137987989.20227498
0.00054771 38617653.10028202 602974923.64966393 136410456.75386184
0.00055482 37493099.49001235 652848560.54130995 134644246.47337535
0.00056203 38041184.64957546 703956427.93057024 132507662.21880993
0.00056934 38583794.44631564 762320171.88129354 130231034.76684594
0.00057674 37499937.06268266 822274614.84024596 127839701.98665172
0.00058423 36588761.19604097 896073882.11310971 125347863.86088818
0.00059182 36750897.95307598 985734490.13117480 122281052.77202255
0.00059951 37364969.57867353 1085924761.63918114 119407393.29111502
0.00060730 37945793.37880385 1189589289.46639252 116881907.52267276
0.00061519 38489850.09046438 1330364348.23928499 113182475.34391657
0.00062319 38133920.51818994 1506607127.35287690 110029949.27304301
0.00063128 39214517.53098441 1724524626.14316440 107774596.71984956
0.00063949 38601985.88131208 1974696486.55213904 104860934.70278384
0.00064780 38472863.75117692 2181519750.95774651 102693490.40680754
0.00065621 38672272.35148416 2602663829.54368544 99883897.40670818
0.00066474 37899350.78315818 3112455012.76231956 97056712.34343803
0.00067338 38001967.51378298 3674053084.13963079 94177149.64549658
0.00068213 37608849.11880575 4401908621.15292931 91583824.95760331
0.00069099 37287110.47764402 5411889025.47343063 88940881.67050457
0.00069997 36724137.69595715 6646788687.56862450 86414043.82759051
0.00070907 35603518.83356522 7686289971.16937542 84266805.83637851
0.00071828 34765245.40396333 8716887635.87405205 82010400.95238359
0.00072761 32933455.94738451 8415006166.38003635 79869714.46282429
0.00073707 31196796.13138813 9249952577.40139389 77735798.06865473
0.00074664 29551360.34004664 9015842346.04861832 75868324.99507904
0.00075635 27992415.94185352 9675031826.73566818 74095989.50995597
0.00076617 26515467.47957153 9883827639.37859154 72200618.05760750
0.00077613 25116245.77585398 10094106965.27352524 70194476.35812345
0.00078621 23790697.43128889 9161895252.30471039 68386032.46296252
0.00079643 22534974.71251692 8601329013.08478546 66862855.47090381
0.00080678 21420033.70552627 7861505430.94676590 65300930.92148411
0.00081726 20628887.81695036 8427602588.27070332 63853919.12965734
0.00082788 20058336.94159723 8851175976.05735970 62327186.78132734
0.00083864 19171817.79200079 8176260794.04286861 60708924.81585129
0.00084954 18150338.91569512 8472849442.64607620 59191359.48163748
0.00086058 17183604.41245940 8605815087.44785309 57620866.18319775
0.00087176 16268656.52059968 8817500145.58474922 56236498.85398205
0.00088309 15402698.21687186 8714192150.66212082 55060519.49002635
0.00089456 14583084.50686885 7891627628.83443451 53633939.53943609
0.00090618 13807314.17712939 7196053952.49236202 52188005.23179965
0.00091796 13073021.98592413 6824804014.39535809 50940147.93913284
0.00092989 12377971.27065947 6167638442.57035351 49740983.27451762
0.00094197 11720046.95080629 5104293493.51175976 48690627.88442971
0.00095421 11097248.90619505 4348812960.51401043 47551436.90659378
0.00096661 10507685.71142979 3854084037.73342133 46458067.79732251
0.00097917 9949568.70805458 3141794222.59095144 45360384.58016299
0.00099189 9427116.47869434 2652724272.80781841 44308070.97269354
0.00100478 8951215.91255372 2164705326.62411451 43215603.24535173
0.00101784 8578560.36673328 1779107321.44739366 42284685.38753386
0.00103106 8124219.61933283 1474913244.11060023 41387011.84504060
0.00104446 8181364.54423776 1256019312.66880250 40357329.99802521
0.00105803 7912318.34677828 1065770007.64904594 39453945.34118135
0.00107178 7500712.68913697 929293352.93640006 38575212.43967620
0.00108571 7110252.63911491 807738111.78288782 37526916.28496277
0.00109981 6739870.12849603 712646297.29758191 36579426.98124106
0.00111411 6388549.29776703 625456532.24517715 35697642.46625450
0.00112858 6055324.12491942 562981269.94331300 34864716.01422517
0.00114325 5746944.87540694 507134679.85183924 34002510.07634698
0.00115810 5451280.67318157 452548119.15719557 33123111.23172425
0.00117315 5166483.15348351 407533133.72187757 32325913.08165125
0.00118839 4896390.27926566 364656628.93788517 31545862.68070851
0.00120384 4640252.50867347 337112734.36184096 30698281.16844571
0.00121948 4463770.65675700 306539294.86913824 29905692.46851680
0.00123532 4254279.23241018 275314333.23713350 29102356.47995414
0.00125138 4031344.57358579 249502082.36529109 28366552.05209971
0.00126764 3819954.62776552 224923411.33545858 27667945.99203235
0.00128411 3619518.00951329 203538492.66495755 26887847.36239007
0.00130079 3430696.45117522 186432859.64034063 26211633.98314594
0.00131770 3250999.63566632 169798769.69494167 25456443.35950309
0.00133482 3080076.16132971 156766118.27748582 24815741.12458273
0.00135216 2918028.85065118 145378822.59659308 24028371.54574748
0.00136973 2764401.21293516 135054040.53254139 23330215.87055846
0.00138753 2618759.94445551 125362121.43419842 22655644.96126786
0.00140556 2480693.78009092 116150393.74091780 21974088.53929201
0.00142382 2349812.39859208 108095833.79710454 21347956.67575940
0.00144233 2225745.37932380 101102470.60939147 20739277.77485154
0.00146107 2108141.20837508 94531328.11525358 20203379.22934816
0.00148005 1996666.33198225 87310570.63281573 19671966.23080869
0.00149928 1891004.25526619 81215530.27976835 19106434.19217063
0.00151877 1790854.68434135 75949395.00753088 18566031.87349288
0.00153850 1695932.70991377 71116489.22011271 18024989.44936856
0.00155849 1605968.03054427 66658621.80442930 17479239.97074900
0.00157874 1520704.21381420 62625775.08470201 16903082.35078283
0.00159926 1439897.99369118 59763522.98075512 16416867.80617649
0.00162004 1363318.60245303 56213044.42251447 15933497.38628764
0.00164109 1290747.13558813 52719075.87265279 15448098.90726824
0.00166241 1221975.94815014 49500247.43243093 14987858.79849393
0.00168401 1156808.08110342 46531116.27062598 14531725.33248129
0.00170590 1095056.71625361 44064429.53802525 14120913.75917650
0.00172806 1036544.65841412 41745848.23501857 13712278.24938756
0.00175052 981103.84351468 39624635.73475087 13262184.42155763
0.00177326 928574.87141224 37718621.54557885 12818062.74762221
0.00179630 878806.56221688 35925808.42460950 12379981.04955466
0.00181965 831655.53499654 34237620.96008574 11970161.96860732
0.00184329 786985.80777394 32547120.99359281 11533193.37648119
0.00186724 744668.41777686 30905139.51046162 11139248.14135973
0.00189150 704581.06094973 29732692.84937732 10775359.53879482
0.00191608 666607.74977858 28302935.62324160 10445881.80243347
0.00194098 630638.48852543 27052992.44626963 10116586.67653887
0.00196620 596568.96500900 25627843.97148833 9784589.36370867
0.00199175 564300.25810922 24419119.10650823 9458634.10214720
0.00201763 533738.56021122 23474368.55984354 9156246.18099793
0.00204385 504794.91384152 22359640.56858445 8841848.39456277
0.00207041 477384.96178455 21308773.63193187 8539627.70490728
0.00209731 451428.71000164 20316473.66371530 8252231.13785028
0.00212456 426850.30270723 19378857.79467988 7960421.24234694
0.00215217 403577.80898815 18493013.51649419 7674493.43368601
0.00218013 381543.02038165 17655476.73565523 7407124.72309224
0.00220846 360681.25885652 16863057.34763278 7157951.21330914
0.00223716 340931.19466860 16112814.27357786 6918024.68287587
0.00226623 322234.67358829 15404439.00504222 6677150.12400210
0.00229567 304536.55302239 14745220.23275513 6456308.26798466
0.00232550 287784.54657622 14114680.51701904 6248306.11491837
0.00235572 271929.07662474 13486824.22644896 6042289.20694554
0.00238633 256923.13448281 12955361.41471860 5839594.75293480
0.00241734 242722.14778529 12426744.17930968 5648771.42646394
0.00244875 229283.85470727 11956377.86099256 5452870.62287946
0.00248057 216568.18467333 11475329.33546929 5268524.52573456
0.00251280 204537.14522238 10964726.30153726 5095819.22127589
0.00254545 193154.71471168 10524650.32246287 4925045.31476439
0.00257853 182386.74055947 10105013.44116723 4757368.80548180
0.00261203 172200.84274108 9704670.82852752 4599069.81470660
0.00264598 162566.32226783 9322553.83849951 4442394.29824904
0.00268036 153454.07439185 8957664.15867315 4293935.99228160
0.00271519 144836.50629300 8609068.46921960 4150951.19999035
0.00275047 136687.45901669 8275893.56089413 4007676.41147474
0.00278621 128982.13344307 7957321.86804027 3868247.52037909
0.00282241 121697.02007943 7652587.37720722 3735116.45291694
0.00285908 114809.83247826 7360792.29208165 3609623.02341189
0.00289623 109411.76840432 7081298.05614713 3481924.61187947
0.00293387 114027.61501016 6816155.41496773 3361600.09210527
0.00297199 107526.06046655 6569473.08618118 3240950.32459045
0.00301061 101381.70819972 6332579.39288629 3125129.70358043
0.00304973 95575.58797341 6105017.28384144 3012162.82887572
0.00308936 90089.71066205 5903444.51632572 2903683.94108799
0.00312950 84907.01830932 5724333.91913741 2802469.96524973
0.00317016 80011.33671130 5550124.82116174 2704598.20640932
0.00321136 75386.08289007 5380599.48981272 2611740.43457839
0.00325309 71010.29134950 5189021.81089531 2520749.20196899
0.00329536 66879.00245295 5029858.97072024 2427276.25348341
0.00333818 62979.04294409 4864023.98374382 2341498.43004603
0.00338155 59297.92811074 4677912.66778067 2256976.43572537
0.00342549 55823.82650094 4499602.39517166 2174290.91475711
0.00347000 52545.52643172 4328924.13885431 2095465.06837464
0.00351509 49452.40419982 4165484.69267003 2016865.83660967
0.00356077 46534.39390836 4008915.25743004 1942281.12930056
0.00360703 43781.95882750 3859954.50556615 1869211.30813739
0.00365390 41186.06421137 3721286.59841258 1801312.78512319
0.00370138 38738.15149753 3587797.10813310 1733688.27955752
0.00374948 36430.11381863 3462852.39594926 1668458.16463921
0.00379820 34254.27275983 3335747.03732434 1605103.02544899
0.00384755 32203.35629863 3216775.62355354 1545687.57038344
0.00389755 30270.47786706 3102148.42890618 1489800.80905166
0.00394819 28449.11647922 2991687.47634700 1433923.31031822
0.00399950 26733.09786995 2886519.90122395 1377632.85177965
0.00405146 25116.57659336 2781903.97909729 1324269.72159175
0.00410411 23594.01903221 2682940.48645513 1273238.62207168
0.00415744 22160.18727205 2596645.93262666 1224343.78649587
0.00421146 20810.12379592 2507092.23410192 1178222.31302114
0.00426618 19539.13695808 2420557.40950912 1134786.73237364
0.00432162 18342.78719700 2336964.51508013 1092022.63751106
0.00437777 17216.87395008 2256025.81117100 1050660.58196695
0.00443466 16157.42323451 2177735.81892145 1010738.95032136
0.00449228 15160.67586020 2102107.26677212 972942.85875639
0.00455065 14223.07624292 2029043.46833276 935550.83071680
0.00460978 13341.26178694 1958451.87211787 899841.50835611
0.00466968 12512.05280842 1887527.13300867 863156.07238433
0.00473036 11732.44297199 1817832.44443923 829248.12352321
0.00479183 10999.59021453 1750413.47395652 796415.00357791
0.00485409 10310.80813149 1682933.68165149 764349.34886126
0.00491717 9663.55780216 1616298.90316790 734952.26817165
0.00498106 9055.44003191 1555092.46812816 704267.64114544
0.00504578 8484.18798999 1499049.21795623 675497.23249835
0.00511135 7947.66022316 1444937.26065054 650506.91338574
0.00517777 7443.83402595 1392688.36498155 625511.69543853
0.00524504 6970.79914967 1341708.05694132 599795.81971864
0.00531320 6526.75183294 1291364.28853095 575255.87599007
0.00538224 6109.98913768 1242806.44751373 552149.29412878
0.00545217 5718.90357499 1195971.67738376 528875.55203532
0.00552302 5351.97800648 1150799.57586250 507352.42758786
0.00559479 5007.78080706 1107232.07776632 486495.16377121
0.00566748 4684.96127606 1068741.57153054 466082.01092711
0.00574113 4382.24528432 1031571.75549362 447282.12443962
0.00581573 4098.43114516 995587.79162089 428775.47993494
0.00589130 3832.38569823 959806.71594492 412036.48775628
0.00596785 3583.04059537 924320.46962126 394248.25294282
0.00604539 3349.38877846 889978.58204260 377720.80064879
0.00612395 3130.48113960 855371.43813666 361791.64953397
0.00620352 2925.42335442 824230.70506588 346487.41205099
0.00628413 2733.37287997 793968.89916464 331919.21428700
0.00636579 2553.53610876 763769.50597689 317608.12831000
0.00644850 2385.16567131 734212.08864622 304267.13159723
0.00653230 2227.55787965 705713.48246587 290628.85271035
0.00661718 2080.05030472 678238.23983040 277802.42570020
0.00670316 1942.01948098 651752.10883484 265720.21918547
0.00679026 1812.87873183 626221.98512076 253820.12026403
0.00687849 1692.07610976 601615.86620761 242532.15116270
0.00696787 1579.09244550 577902.80817027 231902.22578051
0.00705841 1473.43950064 555052.88453080 221631.00014591
0.00715013 1374.65821857 533037.14723973 211803.47011139
0.00724304 1282.31706868 511827.58962922 202504.96670171
0.00733715 1196.01047927 491397.11122632 193270.08210510
0.00743249 1115.35735450 471719.48432092 184481.40194877
0.00752907 1039.99967124 452769.32218844 175908.91739027
0.00762690 969.60115183 434522.04887269 168102.12940398
0.00772600 903.84600859 416953.87043945 160637.37799435
0.00782640 842.43775689 400035.17096813 153395.36879222
0.00792809 785.09809279 383748.97648616 146387.07667371
0.00803111 731.56583228 368075.62461202 139657.47834411
0.00813546 681.59590886 352851.95945220 133883.95060340
0.00824118 634.95842638 336342.31611299 127838.91512105
0.00834826 591.43776439 322961.15248956 121953.28698733
0.00845674 550.83173322 310045.98277656 116392.40088035
0.00856663 512.95077619 297582.71160347 110877.11048413
0.00867794 477.61721662 285557.65017804 105897.52236907
0.00879070 444.66454705 273705.28346827 101101.75058693
0.00890493 413.93675875 261446.25716864 96752.46430985
0.00902064 385.28770913 250713.20792519 92188.18863307
0.00913785 358.58052522 240385.79351858 87823.47794321
0.00925659 333.68704120 230438.59218026 83642.41932039
0.00937687 310.48726827 220913.74935314 79696.96415295
0.00949871 288.86889498 211937.70580461 76095.35920840
0.00962214 268.72681654 203258.01754134 72406.85103725
0.00974717 249.96269137 194884.95136263 68887.98312958
0.00987382 232.48452366 186698.45664262 65601.61219542
0.01000212 216.20627017 178698.38680884 62425.70551962
0.01013209 201.04747035 170998.44844809 59428.03993188
0.01026374 186.93289814 163599.86352819 56519.87273784
0.01039711 173.79223448 156638.07607977 53857.95061445
0.01053221 161.55975925 149950.63583689 51234.69475878
0.01066907 150.17406168 143527.79132756 48624.30921147
0.01080770 139.57776807 137360.09412110 46293.93274797
0.01094813 129.71728591 131438.39050675 44052.18130516
0.01109039 120.54256349 125752.74911664 41898.41631367
0.01123450 112.00686407 120292.98160432 39865.74326644
0.01138048 104.06655382 115053.93910567 37909.61199031
0.01152836 96.68090269 110027.52885690 36024.72461620
0.01167816 89.81189756 105205.91713086 34264.29046425
0.01182990 83.42406686 100581.52221396 32612.67567707
0.01198362 77.48431601 96147.00757258 31038.00982854
0.01213934 71.96177312 91888.75651319 29523.81479969
0.01229708 66.82764430 87733.46925851 28085.51815087
0.01245686 62.05507794 83755.48097737 26691.23742732
0.01261873 57.61903758 79947.80625722 25374.77792459
0.01278269 53.49618277 76303.70486144 24112.20860815
0.01294879 49.66475742 72816.67447947 22896.76826687
0.01311705 46.10448522 69480.44365032 21737.51520110
0.01328749 42.79647177 66288.96485435 20649.98857073
0.01346015 39.72311291 63307.64322206 19638.49769570
0.01363505 36.86800889 60490.43817121 18646.66637542
0.01381222 34.21588411 57790.08404360 17704.39094308
0.01399170 31.75251200 55202.18340100 16817.31182436
0.01417350 29.46464474 52722.48197717 15963.21099627
0.01435768 27.33994757 50346.86496947 15160.21927226
0.01454424 25.36693732 48070.24234971 14402.93877598
0.01473323 23.53492500 45795.39806472 13682.39302757
0.01492467 21.83396211 43614.59344233 12982.19557487
0.01511860 20.25479049 41585.37251330 12314.47382744
0.01531505 18.78879542 39645.62048608 11682.51759207
0.01551405 17.42796190 37822.44938406 11088.60676558
0.01571564 16.16483375 36077.97358406 10526.63228536
0.01591985 14.99247541 34409.07472316 9993.06452191
0.01612671 13.90443638 32812.37269083 9474.73194582
0.01633626 12.89471788 31285.08223843 8983.33884213
0.01654854 11.95774187 29824.73091454 8528.41618366
0.01676357 11.08832207 28428.61091673 8096.07122046
0.01698139 10.28163696 27093.58795303 7685.20592596
0.01720205 9.53320458 25807.59049636 7282.61685118
0.01742557 8.83885900 24579.77355868 6912.62128302
0.01765200 8.19472848 23407.47712230 6553.09020854
0.01788137 7.59721497 22288.49309503 6208.61550956
0.01811372 7.04297515 21220.59569474 5888.03788017
0.01834909 6.52890262 20201.58600176 5576.25930065
0.01858751 6.05211139 19184.82923812 5290.58480484
0.01882904 5.60992052 18173.94601517 5018.50632000
0.01907370 5.19983970 17212.36684558 4761.65538592
0.01932154 4.81955594 16323.43198835 4520.15508888
0.01957261 4.46692113 15530.28168401 4285.93645789
0.01982693 4.13994038 14773.97226680 4064.56307529
0.02008456 3.83676134 14052.83928151 3850.21953460
0.02034554 3.55566405 13365.44286621 3641.37903156
0.02060991 3.29505169 12710.28374369 3450.31959667
0.02087772 3.05344181 12085.92468970 3266.09939241
0.02114900 2.82945826 11490.98823705 3095.54313942
0.02142381 2.62182366 10924.15444892 2930.17882990
0.02170219 2.42935241 10384.15876000 2776.81296526
0.02198419 2.25094415 9869.25823527 2628.97136171
0.02226985 2.08557770 9378.20273340 2491.90404015
0.02255922 1.93230544 8901.66108893 2356.61934612
0.02285236 1.79024806 8411.47449061 2231.57872109
0.02314930 1.65858967 7946.42213232 2110.03879763
0.02345010 1.53657331 7551.18827262 1993.83780603
0.02375481 1.42349671 7175.86127851 1888.73376983
0.02406348 1.31870837 6763.66820348 1790.11779378
0.02437616 1.22160395 6426.82037130 1692.05021109
0.02469290 1.13162287 6106.59149391 1597.57741228
0.02501376 1.04824516 5801.05853645 1513.24586371
0.02533879 0.97098859 5488.42447407 1430.12254362
0.02566804 0.89940588 5203.07747450 1354.29348290
0.02600157 0.83308227 4940.61579933 1281.95807250
0.02633943 0.77163311 4688.03009228 1210.99987168
0.02668169 0.71470173 4447.38329766 1145.15291052
0.02702839 0.66195740 4218.65876892 1081.33714428
0.02737959 0.61309346 4001.28668489 1021.06151810
0.02773536 0.56782560 3794.72336102 966.28090503
0.02809576 0.52589023 3598.45011562 912.57376396
0.02846083 0.48704297 3411.97218123 862.90223726
0.02883065 0.45105727 3234.81765938 816.04347603
0.02920527 0.41772311 3066.53651747 769.95405141
0.02958477 0.38684584 2906.69962606 726.57716559
0.02996919 0.35824500 2754.58810517 685.74469186
0.03035861 0.33175334 2601.67478264 646.11962020
0.03075309 0.30721584 2447.35925609 608.32870528
0.03115269 0.28448881 2310.81818243 573.15444534
0.03155749 0.26343909 2190.20157805 540.49979617
0.03196755 0.24394329 2076.02473354 509.46140663
0.03238293 0.22588704 1967.76317850 480.87746119
0.03280371 0.20916435 1864.94236809 452.56707029
0.03322996 0.19367702 1767.29840109 425.47608006
0.03366175 0.17933404 1674.57970360 400.72365558
0.03409915 0.16605109 1586.54648024 378.23251583
0.03454224 0.15375003 1502.97018794 357.21283048
0.03499108 0.14235848 1423.63303178 336.67381740
0.03544575 0.13180936 1348.32748174 317.37305520
0.03590633 0.12204051 1276.85580991 298.67143354
0.03637290 0.11299437 1209.02964709 281.74879324
0.03684552 0.10461760 1144.66955833 265.67703784
0.03732429 0.09686078 1083.60463647 249.91736273
0.03780928 0.08967813 1025.67211314 235.66137784
0.03830058 0.08302724 970.73717573 221.96469269
0.03879825 0.07686883 918.60911723 208.71834106
0.03930240 0.07116651 869.15562579 196.66428070
0.03981309 0.06588656 822.27509110 184.84624849
0.04033042 0.06099777 777.82271386 174.01780124
0.04085447 0.05647121 735.67728118 163.91053452
0.04138533 0.05228009 695.72342910 154.67807826
0.04192309 0.04839961 657.85137035 145.55456086
0.04246784 0.04480677 621.95663413 136.94585208
0.04301967 0.04148029 587.93981746 128.89479850
0.04357866 0.03840046 555.70634769 121.07318848
0.04414492 0.03554903 525.16625560 113.79773291
0.04471854 0.03290907 496.23395876 106.72517591
0.04529961 0.03046494 468.82805462 100.31248558
0.04588823 0.02820212 442.87112297 94.25003768
0.04648450 0.02610720 418.28953737 88.48095433
0.04708852 0.02416772 395.01328516 83.13221451
0.04770039 0.02237217 372.97579569 78.13788141
0.04832020 0.02070988 352.11377642 73.32521140
0.04894807 0.01917099 332.08622188 68.74222706
0.04958410 0.01774633 312.73214911 64.56521721
0.05022840 0.01642744 294.44972036 60.63637719
0.05088106 0.01520648 277.15310937 56.95090687
0.05154221 0.01407619 260.80628165 53.46016560
0.05221195 0.01302983 244.86767911 50.19708873
0.05289039 0.01206119 230.39496198 47.08426306
0.05357764 0.01116450 216.21810305 44.22702470
0.05427383 0.01033442 203.47191567 41.41309246
0.05497906 0.00956601 191.58124857 38.82759916
0.05569346 0.00885469 180.35359927 36.40113085
0.05641714 0.00819622 169.60010321 34.11662604
0.05715022 0.00758668 159.43776967 31.95387603
0.05789283 0.00702244 149.79386593 30.01409088
0.05864508 0.00650013 140.90140478 28.17056914
0.05940712 0.00601665 132.42898197 26.38592585
0.06017905 0.00556910 124.55451684 24.72918082
0.06096101 0.00515482 117.24039185 23.17669080
0.06175314 0.00477134 110.33178032 21.72028535
0.06255556 0.00441637 103.80836841 20.34771212
0.06336840 0.00408780 97.55297151 19.06428463
0.06419181 0.00378365 91.73937261 17.87677860
0.06502592 0.00350212 86.25581747 16.72599244
0.06587086 0.00324153 81.08208418 15.64440491
0.06672678 0.00300032 76.20044977 14.63566299
0.06759383 0.00277705 71.59819960 13.70666626
0.06847214 0.00257038 67.15755151 12.83823917
0.06936187 0.00237909 62.95504912 11.99425583
0.07026315 0.00220202 58.97353603 11.20106253
0.07117615 0.00203813 55.34757498 10.48966505
0.07210101 0.00188643 51.90298641 9.81307342
0.07303789 0.00174602 48.69470831 9.18591914
0.07398694 0.00161605 45.71634745 8.58497997
0.07494832 0.00149575 42.88848134 8.01675987
0.07592220 0.00138441 40.19456398 7.47577110
0.07690873 0.00128135 37.68195443 6.98078749
0.07790808 0.00118596 35.29542398 6.52491541
0.07892041 0.00109766 33.05701397 6.08799151
0.07994590 0.00101594 30.92192537 5.68957232
0.08098472 0.00094030 28.89225381 5.31870501
0.08203703 0.00087029 27.04091067 4.97391295
0.08310301 0.00080549 25.34274864 4.65291325
0.08418285 0.00074552 23.74929975 4.34876306
0.08527672 0.00069000 22.25428079 4.06202139
0.08638480 0.00063862 20.85177147 3.79360715
0.08750728 0.00059107 19.47402144 3.54022943
0.08864435 0.00054705 18.23866589 3.30892842
0.08979619 0.00050632 16.95178192 3.09386544
0.09096300 0.00046861 15.81132741 2.88896356
0.09214497 0.00043371 14.77781391 2.69694490
0.09334230 0.00040141 13.80915103 2.51566944
0.09455519 0.00037152 12.88036564 2.34035815
0.09578383 0.00034385 11.97104909 2.18006750
0.09702844 0.00031824 11.15890360 2.03232105
0.09828923 0.00029454 10.39347150 1.89681727
0.09956640 0.00027260 9.64952032 1.77205029
0.10086016 0.00025229 8.95657680 1.65019178
0.10217073 0.00023350 8.31116876 1.53552659
0.10349833 0.00021611 7.71069512 1.42976454
0.10484319 0.00020001 7.15218027 1.33052814
0.10620552 0.00018511 6.63283201 1.23856214
0.10758555 0.00017132 6.17213080 1.15264095
0.10898351 0.00015856 5.76236708 1.07376219
0.11039964 0.00014675 5.36277287 1.00084301
0.11183417 0.00013582 4.97688486 0.93245662
0.11328734 0.00012570 4.65372293 0.86785576
0.11475939 0.00011634 4.35089222 0.80794846
0.11625057 0.00010767 4.06716264 0.75084720
0.11776112 0.00009965 3.80137510 0.69995637
0.11929131 0.00009223 3.54925202 0.65211157
0.12084137 0.00008535 3.29348111 0.60732238
0.12241158 0.00007900 3.06893704 0.56420065
0.12400219 0.00007311 2.86496579 0.52468728
0.12561347 0.00006766 2.65725604 0.48828354
0.12724569 0.00006262 2.46767101 0.45453130
0.12889912 0.00005796 2.28319120 0.42268831
0.13057403 0.00005364 2.11113626 0.39306401
0.13227070 0.00004964 1.94935159 0.36578594
0.13398942 0.00004594 1.79957069 0.33988253
0.13573048 0.00004252 1.67007927 0.31571626
0.13749415 0.00003935 1.55209381 0.29354230
0.13928075 0.00003642 1.43631290 0.27310915
0.14109056 0.00003371 1.33276310 0.25365164
0.14292388 0.00003120 1.23809443 0.23559105
0.14478103 0.00002887 1.15326891 0.21897054
0.14666231 0.00002672 1.07386451 0.20311446
0.14856803 0.00002473 0.99719942 0.18860561
0.15049852 0.00002289 0.92356044 0.17539463
0.15245409 0.00002118 0.85937854 0.16309310
0.15443508 0.00001960 0.79998064 0.15140261
0.15644180 0.00001814 0.74344077 0.14106578
0.15847460 0.00001679 0.69183801 0.13124983
0.16053381 0.00001554 0.64376529 0.12177223
0.16261978 0.00001438 0.59824267 0.11313174
0.16473286 0.00001331 0.55651332 0.10496476
0.16687339 0.00001232 0.51768394 0.09741197
0.16904174 0.00001140 0.48151804 0.09045216
0.17123826 0.00001055 0.44784824 0.08388733
0.17346333 0.00000976 0.41650511 0.07795576
0.17571730 0.00000904 0.38677140 0.07229895
0.17800057 0.00000836 0.35716577 0.06704518
0.18031350 0.00000774 0.32976506 0.06221131
0.18265649 0.00000716 0.30467434 0.05768727
0.18502992 0.00000663 0.28122641 0.05352111
0.18743419 0.00000614 0.25956362 0.04965300
0.18986970 0.00000568 0.24062791 0.04606189
0.19233686 0.00000525 0.22246009 0.04274982
0.19483608 0.00000486 0.20544883 0.03964192
0.19736778 0.00000450 0.19002516 0.03673856
0.19993236 0.00000417 0.17566345 0.03411954
0.20253028 0.00000385 0.16311336 0.03167038
0.20516195 0.00000357 0.15132522 0.02936346
0.20782782 0.00000330 0.14053226 0.02723281
0.21052832 0.00000306 0.13051014 0.02528168
0.21326392 0.00000283 0.12117544 0.02347821
0.21603507 0.00000262 0.11249098 0.02176805
0.21884222 0.00000242 0.10460249 0.02018159
0.22168585 0.00000224 0.09728909 0.01870997
0.22456642 0.00000207 0.09002551 0.01734962
0.22748443 0.00000192 0.08352610 0.01609106
0.23044036 0.00000178 0.07751470 0.01492304
0.23343469 0.00000164 0.07205135 0.01383912
0.23646793 0.00000152 0.06716793 0.01283331
0.23954059 0.00000141 0.06260940 0.01190004
0.24265317 0.00000130 0.05834994 0.01103613
0.24580620 0.00000121 0.05429217 0.01023405
0.24900019 0.00000112 0.05008494 0.00948513
0.25223569 0.00000103 0.04622021 0.00878631
0.25551324 0.00000096 0.04313822 0.00814183
0.25883336 0.00000088 0.04013358 0.00754438
0.26219664 0.00000082 0.03744745 0.00699564
0.26560361 0.00000076 0.03494041 0.00648305
0.26905485 0.00000070 0.03259744 0.00600343
0.27255094 0.00000065 0.03041400 0.00555921
0.27609246 0.00000060 0.02808816 0.00514801
0.27968000 0.00000056 0.02592126 0.00476876
0.28331415 0.00000051 0.02400505 0.00441746
0.28699552 0.00000048 0.02223059 0.00409388
0.29072473 0.00000044 0.02058606 0.00378583
0.29450240 0.00000041 0.01906206 0.00350469
0.29832915 0.00000038 0.01764987 0.00324997
0.30220563 0.00000035 0.01634137 0.00301884
0.30613248 0.00000032 0.01519465 0.00279775
0.31011035 0.00000030 0.01405636 0.00259346
0.31413992 0.00000028 0.01306875 0.00240514
0.31822184 0.00000026 0.01215518 0.00222886
0.32235680 0.00000024 0.01130434 0.00206427
0.32654550 0.00000022 0.01048097 0.00191686
0.33078862 0.00000020 0.00972288 0.00177430
0.33508687 0.00000019 0.00909170 0.00164344
0.33944098 0.00000017 0.00843234 0.00152220
0.34385166 0.00000016 0.00786725 0.00140987
0.34831966 0.00000015 0.00733988 0.00130603
0.35284571 0.00000014 0.00683721 0.00120940
0.35743058 0.00000013 0.00631812 0.00112024
0.36207502 0.00000012 0.00587090 0.00103765
0.36677981 0.00000011 0.00547235 0.00096113
0.37154573 0.00000010 0.00510043 0.00089024
0.37637358 0.00000009 0.00475339 0.00082456
0.38126417 0.00000009 0.00442958 0.00076359
0.38621830 0.00000008 0.00412747 0.00070736
0.39123681 0.00000007 0.00384564 0.00065511
0.39632053 0.00000007 0.00357268 0.00060673
0.40147030 0.00000006 0.00330952 0.00056191
0.40668699 0.00000006 0.00306568 0.00052039
0.41197147 0.00000005 0.00283973 0.00048194
0.41732461 0.00000005 0.00263039 0.00044631
0.42274731 0.00000005 0.00243642 0.00041332
0.42824047 0.00000004 0.00226586 0.00038272
0.43380502 0.00000004 0.00210979 0.00035437
0.43944186 0.00000004 0.00196251 0.00032812
0.44515195 0.00000003 0.00182047 0.00030381
0.45093624 0.00000003 0.00168846 0.00028130
0.45679569 0.00000003 0.00156596 0.00026038
0.46273128 0.00000003 0.00145208 0.00024083
0.46874399 0.00000003 0.00134446 0.00022285
0.47483484 0.00000002 0.00124480 0.00020633
0.48100482 0.00000002 0.00115252 0.00019103
0.48725498 0.00000002 0.00106735 0.00017686
0.49358636 0.00000002 0.00099636 0.00016375
0.50000000 0.00000002 0.00092409 0.00015160
