frequencies psd_low psd_hi psd_mid
0.00000125 0.00386464 847540468.34753680 27866418.28400486
0.00000127 0.00394456 847541128.86443865 27866413.59365178
0.00000129 0.00402658 847541806.65909207 27866408.78061498
0.00000130 0.00411074 847542502.18346715 27866403.84168542
0.00000132 0.00419710 847543215.90135884 27866398.77357024
0.00000134 0.00428573 847543948.28869617 27866393.57289042
0.00000135 0.00437667 847544699.83385825 27866388.23617851
0.00000137 0.00446999 847545471.03800118 27866382.75987640
0.00000139 0.00456574 847546262.41539311 27866377.14033293
0.00000141 0.00466401 847547074.49375641 27866371.37380142
0.00000142 0.00476484 847547907.81461906 27866365.45643717
0.00000144 0.00486832 847548762.93367767 27866359.38429499
0.00000146 0.00497450 847549640.42116630 27866353.15332640
0.00000148 0.00508345 847550540.86223888 27866346.75937710
0.00000150 0.00519526 847551464.85735857 27866340.19818414
0.00000152 0.00530999 847552413.02269793 27866333.46537298
0.00000154 0.00542772 847553385.99055099 27866326.55645477
0.00000156 0.00554853 847554384.40975440 27866319.46682318
0.00000158 0.00567250 847555408.94612086 27866312.19175141
0.00000160 0.00579971 847556460.28288424 27866304.72638905
0.00000162 0.00593026 847557539.12115216 27866297.06575879
0.00000164 0.00606421 847558646.18037736 27866289.20475316
0.00000166 0.00620167 847559782.19883800 27866281.13813113
0.00000169 0.00634273 847560947.93412638 27866272.86051447
0.00000171 0.00648747 847562144.16365862 27866264.36638443
0.00000173 0.00663600 848232740.49548864 27866255.65007780
0.00000175 0.00678842 867449042.14199758 27866246.70578330
0.00000177 0.00694482 867450330.56660867 27866237.52753768
0.00000180 0.00710531 867451652.69510937 27866228.10922159
0.00000182 0.00727001 867453009.40923536 27866218.44455578
0.00000184 0.00743900 867454401.61379600 27866208.52709669
0.00000187 0.00761242 867455830.23727334 27866198.35023222
0.00000189 0.00779038 867457296.23244655 27866187.90717733
0.00000192 0.00797299 867458800.57702482 27866177.19096953
0.00000194 0.00816038 867460344.27430010 27866166.19446425
0.00000197 0.00835267 867461928.35381997 27866154.91032996
0.00000199 0.00854998 867463553.87207091 27866143.33104349
0.00000202 0.00875246 867465221.91318500 27866131.44888479
0.00000205 0.00896024 867466933.58966458 27866119.25593197
0.00000207 0.00917345 867468690.04312468 27884253.32035088
0.00000210 0.00939224 867470492.44505286 27884250.42456487
0.00000213 0.00961675 867472341.99759614 27884247.45304160
0.00000215 0.00984713 867474239.93435848 27884244.40380039
0.00000218 0.01008354 869915844.71002162 27884241.27480882
0.00000221 0.01032613 870138449.66640472 27884238.06398129
0.00000224 0.01057507 871764579.81301868 27884234.76917766
0.00000227 0.01083052 878970751.43004930 27884231.38820188
0.00000230 0.01109265 878972885.59660554 27884227.91880042
0.00000233 0.01136164 878975075.59387028 27884224.35866090
0.00000236 0.01163766 878977322.88260674 27884220.70541043
0.00000239 0.01192090 878979628.96181190 27884216.95661411
0.00000242 0.01221156 878981995.36971164 27884213.10977337
0.00000245 0.01250981 878984423.68479323 27884209.16232432
0.00000248 0.01281587 878986915.52685714 27884205.11163604
0.00000251 0.01312993 878989472.55809927 27884200.95500882
0.00000255 0.01345220 878992096.48422134 27884196.68967241
0.00000258 0.01378291 878994789.05557132 27884192.31278408
0.00000261 0.01412227 878997552.06831145 27884187.82142683
0.00000265 0.01447050 879000387.36562037 27884183.21260738
0.00000268 0.01482784 879003296.83892000 27884178.48325421
0.00000272 0.01519453 879006282.42914641 27884173.63021553
0.00000275 0.01557081 879009346.12803984 27899565.62579017
0.00000279 0.01595693 879012489.97948039 27952595.41127387
0.00000282 0.01635315 879015716.08085263 27952619.02858924
0.00000286 0.01675974 879019026.58444524 27952643.26374999
0.00000290 0.01717696 879022423.69889283 27952668.13292189
0.00000294 0.01760509 879025909.69065130 27952693.65269378
0.00000297 0.01804443 879029486.88551092 27952719.84008870
0.00000301 0.01849525 879033157.67015374 27952746.71257528
0.00000305 0.01895787 880357016.37888229 27952774.28807930
0.00000309 0.01943258 880360882.11978126 27952802.58499581
0.00000313 0.01991972 880364849.00153399 27952831.62220132
0.00000317 0.02041959 880368919.67101288 27952861.41906644
0.00000321 0.02093254 880373096.84439588 27952891.99546886
0.00000326 0.02145889 880377383.30898345 27952923.37180655
0.00000330 0.02199901 880381781.92506146 27952955.56901149
0.00000334 0.02255326 880386295.62781680 27952988.60856356
0.00000338 0.02312201 880390927.42929816 27953022.51250498
0.00000343 0.02370563 880395680.42043352 27990603.16308494
0.00000347 0.02430452 880400557.77309823 28027671.31133501
0.00000352 0.02491907 880405562.74223459 28027687.43348998
0.00000356 0.02554970 880410698.66803443 28027703.97746381
0.00000361 0.02619682 880415968.97817135 28027720.95429605
0.00000366 0.02686087 880421377.19009590 28027738.37531531
0.00000370 0.02754229 880426926.91339147 28027756.25214687
0.00000375 0.02824153 880432621.85218978 28027774.59672042
0.00000380 0.02895906 883761335.55456328 28027793.42127813
0.00000385 0.02969537 883767249.60877335 28027812.73838273
0.00000390 0.03045093 883773318.41483104 28027832.56092601
0.00000395 0.03122625 883779546.02368784 28027852.90213737
0.00000400 0.03202185 886263692.58625412 28027873.77559272
0.00000405 0.03283827 886270554.42929792 28027895.19522360
0.00000411 0.03367604 886277595.83460021 28027917.17532644
0.00000416 0.03453572 888983793.01747561 28027939.73057215
0.00000421 0.03541789 888990323.32095027 28027962.87601598
0.00000427 0.03632314 888997024.50631666 28027986.62710758
0.00000432 0.03725206 889003901.04701757 28028010.99970132
0.00000438 0.03820528 889010957.53370237 28028036.01006696
0.00000444 0.03918343 889018198.67730582 28028061.67490052
0.00000450 0.04018717 889025629.31220484 28028088.01133547
0.00000455 0.04121717 889033254.39945769 28028115.03695423
0.00000461 0.04227411 889041079.03013051 28028142.76979991
0.00000467 0.04335869 889049108.42871225 28028171.22838848
0.00000473 0.04447164 889057347.95661438 28028200.43172111
0.00000480 0.04561371 889065803.11577165 28028230.39929691
0.00000486 0.04678564 889074479.55232859 28028261.15112610
0.00000492 0.04798823 889083383.06042969 28028292.70774330
0.00000498 0.04922228 889092519.58610559 28028325.09022140
0.00000505 0.05048861 889101895.23126554 28028358.32018568
0.00000512 0.05178806 889111516.25779104 28028392.41982827
0.00000518 0.05312150 889121389.09174156 28103305.38484134
0.00000525 0.05448982 889131520.32766759 28103350.17931398
0.00000532 0.05589393 889141916.73304212 28103396.14606328
0.00000539 0.05733476 889152585.25280154 28103443.31578394
0.00000546 0.05881329 889163533.01401865 28103491.71997513
0.00000553 0.06033049 889174767.33068430 28103541.39096179
0.00000560 0.06188738 889186295.70862877 28103592.36191616
0.00000567 0.06348498 889198125.85056448 28103644.66688018
0.00000575 0.06512438 889210265.66126835 28103698.34078823
0.00000582 0.06680666 889222723.25289345 28103753.41949070
0.00000590 0.06853295 889235506.95043087 28103809.93977793
0.00000597 0.07030439 889248625.29730821 28103867.93940504
0.00000605 0.07212216 889262087.06113946 28103927.45711722
0.00000613 0.07398748 889275901.23962927 28103988.53267577
0.00000621 0.07590160 889290077.06662917 28104051.20688485
0.00000629 0.07786578 889304624.01835799 28104115.52161889
0.00000637 0.07988134 889319551.81978631 28104181.51985072
0.00000645 0.08194962 889334870.45118833 28104249.24568052
0.00000654 0.08407200 889350590.15487015 28104318.74436540
0.00000662 0.08624990 889366721.44207609 28104390.06234996
0.00000671 0.08848476 889383275.10007763 28104463.24729742
0.00000680 0.09077809 889400262.19945109 28104538.34812177
0.00000688 0.09313140 889417694.10154772 28104615.41502072
0.00000697 0.09554627 889733667.05058181 28104694.49950942
0.00000706 0.09802430 889755172.14445710 28104775.65445525
0.00000716 0.10056715 889777240.52547884 28104858.93411337
0.00000725 0.10317652 889799886.96897149 28104944.39416333
0.00000734 0.10585414 889823126.63894343 28105032.09174656
0.00000744 0.10860180 889846975.09836340 28105122.08550497
0.00000753 0.11142133 889871448.31972587 28105214.43562039
0.00000763 0.11431462 889896562.69588757 28105309.20385532
0.00000773 0.11728359 889922335.05120420 28105406.45359449
0.00000783 0.12033021 889948782.65295756 28138780.30376039
0.00000793 0.12345653 889975923.22309494 28138755.27909587
0.00000804 0.12666463 890003774.95028090 28138729.60074805
0.00000814 0.12995664 890032356.50227237 28138703.25166537
0.00000825 0.13333476 890061687.03862989 28138676.21435274
0.00000835 0.13680125 890091786.22376788 28138648.47086008
0.00000846 0.14035841 890122674.24035239 28138620.00277054
0.00000857 0.14400862 890154371.80307055 28138590.79118838
0.00000868 0.14775431 890186900.17276108 28138560.81672673
0.00000880 0.15159797 890220281.17092848 28138530.05949477
0.00000891 0.15554218 890254537.19465375 28138498.49908481
0.00000903 0.15958956 890289691.23190117 28138466.11455886
0.00000914 0.16374282 890325766.87724686 28138432.88443507
0.00000926 0.16800471 890362788.34802222 28138398.78667360
0.00000938 0.17237808 890400780.50090599 28138363.79866226
0.00000951 0.17686585 890439768.84896076 28138327.89720178
0.00000963 0.18147102 890479779.57912874 28138291.05849066
0.00000975 0.18619664 890520839.57021189 28138253.25810969
0.00000988 0.19104587 890562976.41132927 28138214.47100601
0.00001001 0.19602196 890606218.42088890 28138174.67147688
0.00001014 0.20112820 890650594.66606522 28138133.83315283
0.00001027 0.20636802 890696134.98281479 28138091.92898068
0.00001041 0.21174490 890742869.99643838 28138048.93120587
0.00001054 0.21726243 890790831.14269912 28138004.81135445
0.00001068 0.22292429 890840050.68952572 28137959.54021470
0.00001082 0.22873425 890890561.75930393 28137913.08781806
0.00001096 0.23469618 890942398.35178423 28137865.42341986
0.00001110 0.24081408 890995595.36761487 28137816.51547934
0.00001124 0.24709200 891050188.63252306 28137766.33163928
0.00001139 0.25353415 891106214.92216110 28137714.83870513
0.00001154 0.26014481 891163711.98763859 28137662.00262352
0.00001169 0.26692840 891222718.58175623 28137607.78846038
0.00001184 0.27388943 891283274.48596764 28137552.16037832
0.00001199 0.28103256 891345420.53808308 28161180.38088758
0.00001215 0.28836254 891409198.66074526 28161083.05156391
0.00001231 0.29588426 891474651.89069176 28160983.17754374
0.00001247 0.30360274 891541824.40882802 28197873.77262639
0.00001263 0.31152312 891610761.57114518 28197583.67085519
0.00001279 0.31965069 891681509.94049048 28197285.98965272
0.00001296 0.32799087 891754117.31922913 28196980.53122643
0.00001313 0.33654922 891828632.78281760 28196667.09263461
0.00001330 0.34533145 891905106.71431589 28196345.46565298
0.00001347 0.35434340 891983590.83987129 28286798.79262399
0.00001365 0.36359111 892064138.26519227 28287142.44694688
0.00001382 0.37308072 892146803.51305568 28287495.12818763
0.00001400 0.38281858 892231642.56186581 28287857.07447711
0.00001418 0.39281116 892318712.88530350 28288228.53028189
0.00001437 0.40306515 892408073.49309874 28288609.74657549
0.00001456 0.41358737 892499784.97295880 28289000.98101457
0.00001474 0.42438485 892593909.53368092 28289402.49812007
0.00001494 0.43546479 892690511.04950118 28289814.56946333
0.00001513 0.44683457 892789655.10570061 28290237.47385748
0.00001533 0.45850178 892891409.04551411 28327036.10622312
0.00001553 0.47047420 892995842.01838958 28326718.84485397
0.00001573 0.48275981 893103025.02962136 28326393.29097617
0.00001593 0.49536682 893213030.99141669 28326059.22800385
0.00001614 0.50666064 893325934.77543390 28325716.43370286
0.00001635 0.51674712 893441813.26683414 28325364.68004401
0.00001656 0.52759230 893560745.41990280 28325003.73305234
0.00001678 0.53924227 893682812.31527829 28324633.35265265
0.00001699 0.55174571 895433411.65394568 28324253.29251096
0.00001722 0.56515405 895633890.88515389 28376114.25726491
0.00001744 0.57967173 895759557.60190809 28377118.17263526
0.00001767 0.59490572 895888537.89202225 28378148.46832150
0.00001790 0.61136699 896020919.84201193 28379205.84076976
0.00001813 0.62896936 896156793.91801810 28380291.00498356
0.00001836 0.64778036 896296253.03210866 28381404.69502725
0.00001860 0.65784537 896439392.61052966 28382547.66454358
0.00001884 0.66113895 896586310.66397250 28383720.68728587
0.00001909 0.66274115 910102643.85436594 28384924.55766515
0.00001934 0.66170912 913362165.57296443 28386160.09131267
0.00001959 0.66065094 913519414.61671841 28387428.12565837
0.00001984 0.65956597 913680816.76617885 28388729.52052571
0.00002010 0.65845354 913846482.78582740 28390065.15874339
0.00002036 0.65731299 914016526.45153677 28391435.94677434
0.00002063 0.65614364 914191064.63548028 28392842.81536274
0.00002089 0.65494479 914370217.39359295 28414409.72038391
0.00002117 0.65371572 914554108.05567586 28437817.71488334
0.00002144 0.65245570 914742863.31822360 28437908.73494423
0.00002172 0.65116400 914936613.34007168 28438002.16580328
0.00002200 0.64983983 915135491.84096050 28438098.07210954
0.00002229 0.64848244 915339636.20310879 28438196.52028736
0.00002258 0.64709102 915549187.57590318 28438297.57858732
0.00002287 0.64566476 915764290.98381436 28438401.31713864
0.00002317 0.64420283 915985095.43763959 28438507.80800329
0.00002347 0.64270439 916211754.04920053 28438617.12523185
0.00002377 0.64116857 916444424.14960849 28438729.34492086
0.00002408 0.63959449 916683267.41121995 28438844.54527227
0.00002439 0.63798125 927303742.33414388 28438962.80665452
0.00002471 0.63632794 928055530.34595561 28439084.21166560
0.00002503 0.63463361 928339313.31166553 28439208.84519822
0.00002536 0.63289732 928630649.30482566 28439336.79450682
0.00002569 0.63111809 928929742.86936474 28439468.14927693
0.00002602 0.62929493 929236804.27605426 28447758.03653373
0.00002636 0.62742683 929552049.69281411 28447278.08637697
0.00002670 0.62551276 929875701.36059713 28446785.64404944
0.00002705 0.62355166 930207987.77506995 28446280.38607194
0.00002740 0.62154248 930549143.87430847 28445761.98067785
0.00002776 0.61948412 930899411.23273742 28445230.08760555
0.00002812 0.61737547 931259038.26154912 28444684.35788593
0.00002848 0.61521541 949132402.25347972 28444124.43362486
0.00002885 0.61300280 954624550.58209670 28445818.92728086
0.00002923 0.61073646 955031548.26938391 28448661.85275918
0.00002961 0.60841521 955449453.29475820 28451580.09708968
0.00002999 0.60603785 955878565.05354333 28454575.68115063
0.00003038 0.60360315 956319191.53810608 28457650.68137565
0.00003078 0.60110987 956771649.60486555 28460807.23135008
0.00003118 0.59855675 957236265.25063932 28477923.11777063
0.00003158 0.59594250 957713373.89872026 28479539.97223595
0.00003199 0.59326584 958203320.69507575 28481200.37390072
0.00003241 0.59052543 958706460.81508398 28482905.52845728
0.00003283 0.58771995 959223159.78125286 28484656.67667462
0.00003326 0.58514341 959753793.79237413 28486455.09550398
0.00003369 0.61513199 960298750.06459188 28488302.09922361
0.00003413 0.64508864 963269215.98013890 28490199.04062385
0.00003457 0.64179415 963849003.86017978 28493268.46033160
0.00003502 0.63842227 964444480.65492821 28497371.67394495
0.00003547 0.63497143 965056085.12930012 28501584.18834764
0.00003593 0.63144008 965684269.08285010 28505908.96727392
0.00003640 0.62782661 966329497.77768445 28510349.05754555
0.00003687 0.62412941 966992250.38253510 28514907.59154106
0.00003735 0.62034689 967673020.43372822 28519587.78974538
0.00003784 0.61647739 968372316.31378686 28524392.96338273
0.00003833 0.61251929 969090661.74847317 28529326.51713595
0.00003883 0.60847093 969828596.32309520 28534391.95195523
0.00003933 0.60433066 970586676.01897073 28539592.86795980
0.00003984 0.60009681 971365473.77095938 28544932.96743605
0.00004036 0.59576771 972165580.04704845 28550416.05793545
0.00004089 0.59134170 972987603.45101953 28558706.83410822
0.00004142 0.58681711 973832171.34927094 28561826.98785273
0.00004196 0.58219226 974699930.52295172 28567762.99805647
0.00004250 0.57746550 975591547.84660149 28573858.34781323
0.00004305 0.57263516 976507710.99456751 28580117.42124052
0.00004361 0.56769961 977449129.17654991 28596439.27431709
0.00004418 0.56265721 981897858.52692842 28600054.79886818
0.00004475 0.55750634 998632105.11152565 28603767.76846687
0.00004533 0.55224542 999591811.69830036 28607580.88463947
0.00004592 0.54687286 1000577984.77150583 28613810.38858660
0.00004652 0.54138712 1001591391.52895367 28617341.04589739
0.00004712 0.53578670 1002632823.42646599 28620968.27691312
0.00004774 0.53007012 1003703097.05294001 28624694.83200531
0.00004836 0.52423595 1004803055.04262137 28643104.94487725
0.00004899 0.51828280 1005933567.02645600 28647721.00894250
0.00004962 0.51220935 1007095530.62449777 28652462.53083185
0.00005027 0.50601433 1008289872.48145390 28660834.20024439
0.00005092 0.49969653 1009517549.34759891 28667236.99418159
0.00005158 0.49325482 1010779549.20738983 28672133.23762717
0.00005225 0.48668815 1012076892.45828009 28677164.59775987
0.00005293 0.47999557 1013410633.14235425 28683640.21628083
0.00005362 0.47317620 1014780503.36167133 28699616.89288805
0.00005432 0.46622929 1022932327.45443845 28704148.92221092
0.00005502 0.45915420 1025616484.58491075 28710136.05426818
0.00005574 0.45195041 1027171936.85311222 28710220.25612815
0.00005646 0.44461755 1028771611.20156479 28706287.45524184
0.00005719 0.43715537 1030416862.76814973 28702252.75240521
0.00005794 0.42956382 1032109093.58379853 28698113.53351754
0.00005869 0.42184299 1033849754.48570609 28693867.11882649
0.00005945 0.41399317 1035640347.12400293 28713065.49051869
0.00006022 0.40601487 1037482426.06725824 28737068.10758933
0.00006101 0.39790879 1039377601.01255012 28774324.33224981
0.00006180 0.38967587 1041327539.10621619 28779168.15450239
0.00006260 0.38131731 1043333967.38180494 28816976.53487974
0.00006342 0.37283459 1045398675.32220757 28844686.69004223
0.00006424 0.36422946 1047523517.55339301 28836502.97931994
0.00006508 0.35550398 1049710416.67771041 28828114.71590273
0.00006592 0.34666057 1053626557.16834438 28819517.05695438
0.00006678 0.33770199 1056074000.12270844 28810705.06017398
0.00006765 0.32863137 1058594003.99323440 28807668.46381550
0.00006852 0.31945227 1061188960.41544414 28808362.56236552
0.00006941 0.31016868 1063861353.29102528 28871946.43287506
0.00007032 0.30083732 1066613763.09064364 28943007.25061593
0.00007123 0.29175448 1069448871.39828885 28945819.65937150
0.00007216 0.28258894 1072369465.71304893 28960636.94267680
0.00007309 0.28376651 1075378444.52541566 28964351.84700236
0.00007404 0.29132541 1078576744.27147269 28979400.08318666
0.00007501 0.28756520 1082110051.50659084 29081625.19234034
0.00007598 0.29545194 1085405140.73195982 29085824.72308422
0.00007697 0.28855495 1088801509.17567825 29087269.15055375
0.00007797 0.27596488 1092302700.48813581 29127189.40443141
0.00007898 0.26425487 1095912406.81800842 29140768.52115599
0.00008001 0.25335445 1100910128.44255280 29154744.40954595
0.00008105 0.24241055 1121292461.89581132 29159243.74710664
0.00008210 0.23142762 1125474519.43070173 29163221.43334991
0.00008317 0.22039639 1134496749.60707784 29167337.49559485
0.00008425 0.20840418 1145969988.20927787 29171486.52769113
0.00008534 0.19610095 1150262227.68149185 29169635.44678646
0.00008645 0.18386852 1154690933.89505339 29167760.80584781
0.00008757 0.17176150 1159261145.70185518 29177572.77828245
0.00008871 0.16004157 1163978128.55318737 29202041.95741865
0.00008986 0.14943980 1168847387.04066300 29237547.01805149
0.00009103 0.14410682 1173874678.27186155 29241283.53530674
0.00009222 0.13355911 1179066026.14559698 29245159.34229257
0.00009341 0.12316197 1184427736.59742641 29248240.60172772
0.00009463 0.11294196 1197510743.54781389 29256339.97044444
0.00009586 0.10292749 1206216906.69403863 29258663.55730976
0.00009710 0.09314902 1220365042.10568929 29284703.64504997
0.00009836 0.08363910 1226870596.43545508 29303969.32371834
0.00009964 0.07443254 1233534975.01865387 29299745.78439576
0.00010094 0.06565517 1240428515.14839697 29295456.28783274
0.00010225 0.05716322 1247560738.78776979 29300042.43870456
0.00010358 0.05842781 1254941663.09200811 29320750.47115093
0.00010492 0.06145488 1262581832.32965279 29341237.14508201
0.00010629 0.06464058 1270492352.27392650 29369452.86435541
0.00010767 0.05951893 1281849241.41710210 29404277.39253239
0.00010907 0.06115161 1306847006.67126822 29440199.96805970
0.00011048 0.06452607 1314337205.82019401 29443351.54601612
0.00011192 0.06808350 1322087828.17868209 29476910.19451083
0.00011337 0.07183371 1330109868.28096223 29523661.76230152
0.00011485 0.06658608 1338414903.20532656 29557563.59006183
0.00011634 0.07012032 1355327303.18831229 29560519.05267092
0.00011785 0.07384204 1365187211.10414815 29600327.38414133
0.00011938 0.07776117 1375411996.86168528 29591347.98027192
0.00012093 0.08188819 1386018467.16114235 29585708.93611399
0.00012250 0.08623411 1397024412.28285003 29579963.40742236
0.00012410 0.09081054 1408448677.53940988 29610565.64044745
0.00012571 0.09562972 1420311240.94877553 29612550.51354892
0.00012734 0.10070451 1432633297.76014495 29614705.62334367
0.00012900 0.10604847 1445437352.53799629 29617041.75078291
0.00013067 0.11167587 1458747319.59283853 29617973.62875823
0.00013237 0.12589097 1472588632.64143968 29614562.96782454
0.00013409 0.14087996 1486988364.68627882 29636235.95070631
0.00013583 0.15150474 1517817930.61970448 29669976.32419686
0.00013760 0.15975490 1535796668.65657234 29698035.67074042
0.00013939 0.16844873 1554535695.21999550 29698385.91633790
0.00014120 0.17815049 1574003974.09166646 29707668.82249754
0.00014303 0.20801326 1593859495.02351665 29738774.70688678
0.00014489 0.21890617 1614616204.15157056 29735632.49753663
0.00014677 0.23037301 1636302381.00002980 29752811.43441193
0.00014868 0.25835875 1658937781.18882608 29848849.78011747
0.00015061 0.29821046 1682643192.22683477 29882251.08727226
0.00015257 0.34214312 1707485892.52110171 29891906.95044815
0.00015455 0.38062917 1733538657.83960414 29935906.33504101
0.00015656 0.43284890 1760880319.53069472 29924734.20345560
0.00015860 0.48997953 1789596390.71067643 29934641.96692002
0.00016066 0.55233741 1819779770.10378838 29953694.84642295
0.00016274 0.62025710 1851531534.80549049 29993644.08454622
0.00016486 0.69409242 1884961835.12143040 30060517.02675349
0.00016700 0.77421747 1920190906.87239051 30095036.99950445
0.00016917 0.86102777 1959729732.05692124 30163656.28500182
0.00017137 0.95494142 2012270971.69179964 30167439.91059415
0.00017360 1.05640035 2047709988.10817933 30188766.01033615
0.00017585 1.16587165 2084900946.32411408 30313134.65917244
0.00017814 1.28384888 2129829490.68671012 30348313.61178565
0.00018045 1.41085361 2179563704.99126196 30351297.06591375
0.00018280 1.54743685 2232323815.83585548 30388357.11705238
0.00018517 1.69418076 2288365705.83851194 30441187.51868076
0.00018758 1.85170028 2347973728.98308277 30510545.17394281
0.00019001 2.02064494 2411464664.04400396 30586689.99715542
0.00019248 2.20170077 2479192328.99240541 30660894.74622524
0.00019498 2.39559223 2551552986.27137995 30710448.44616998
0.00019752 2.58242382 2628991698.31086159 30760716.35614039
0.00020008 2.66855850 2710907671.31364393 30831810.78937734
0.00020268 2.75793265 2759043107.45474148 30824939.54577397
0.00020532 2.96053259 2835284289.19332123 30876016.99707469
0.00020799 3.06691610 2906735400.27124548 30987422.49454736
0.00021069 3.32929989 2995732009.50502634 31058437.43793003
0.00021343 3.61172407 3041401284.66755152 31110910.07725070
0.00021620 3.91354192 3158134846.45747423 31245022.95844547
0.00021901 4.23589708 3281983233.95536661 31326311.58854426
0.00022185 4.57999682 3424401368.49155331 31326861.17860640
0.00022474 4.94711552 3562511670.08725691 31485399.68288877
0.00022766 5.33859830 3736924226.10555792 31557681.31593321
0.00023062 5.75586483 3857728104.59648085 31596838.33109412
0.00023361 6.20041339 4025181296.91094398 31743816.09765112
0.00023665 6.67382512 4227195887.26258421 31797882.59853105
0.00023972 7.17776851 4430227189.34467030 31857825.10907067
0.00024284 7.71400411 4549081504.84937191 31977897.76625395
0.00024599 8.28438949 4649727790.38728142 32110020.68296170
0.00024919 8.89088452 4929414195.14613056 32195447.75339404
0.00025243 9.53555686 5088015323.19331169 32272819.82067700
0.00025571 10.22058780 5273025478.45399380 32443144.54368486
0.00025903 10.94827836 5636932406.48686504 32525628.47030523
0.00026240 11.72105578 5814736699.56336212 32643909.08772802
0.00026581 12.54148026 6286911060.67977333 32801000.71265751
0.00026926 13.41225222 6832172357.50499058 32959463.43060710
0.00027276 14.33621975 7355151932.81315994 33250909.61078421
0.00027630 15.31638662 8082651129.89110184 33324810.34067672
0.00027989 16.35592064 8943451416.27785110 33501541.33279763
0.00028353 17.45816245 10054047110.37198067 33538975.28737025
0.00028721 18.62663487 11506203099.69080162 33722444.49004465
0.00029095 19.86505263 13423478391.15998268 33945841.38225943
0.00029473 21.17733275 15715933292.68801498 33972764.18339813
0.00029856 22.56760530 18184199958.51436615 34287888.98899989
0.00030244 24.04022496 22795147960.56470490 34620324.04748327
0.00030637 25.59978297 28345820616.79913712 34962697.80251324
0.00031035 27.25111989 35612194896.43380737 35206968.12226044
0.00031438 28.99933892 44873496987.34156036 35338817.40013967
0.00031846 30.84982003 57936624635.08756256 35554583.68632111
0.00032260 32.80823476 71081403998.02095032 35876794.63092069
0.00032679 34.88056186 89267023094.58416748 36093471.92883378
0.00033104 37.07310376 107594944696.44970703 36391975.87206025
0.00033534 39.39250387 101832382070.01368713 36585538.16825777
0.00033970 41.84576486 81240041260.01477051 36858331.26893362
0.00034411 44.44026792 74375968713.81439209 37118697.64038347
0.00034859 47.18379295 79438609711.85458374 37320299.86138399
0.00035311 50.08453995 63123693227.87498474 37549139.72922184
0.00035770 53.15115146 51001505934.52611542 37783607.99812108
0.00036235 56.39273627 44510601561.56984711 37983759.95830532
0.00036706 59.81889430 41590042089.59147644 38172330.64948466
0.00037183 63.43974286 34707868706.57593536 38660727.03148472
0.00037666 67.26594435 28104946278.28757095 39159007.57467971
0.00038155 71.30873534 23550040405.68256378 39493365.77448168
0.00038651 75.57995726 24189083961.81340408 39815678.30799650
0.00039154 80.09208872 24421336185.11649323 40121096.43054592
0.00039662 84.85827953 20895145871.46116257 40607549.42975596
0.00040178 89.89238651 17986717038.27413559 40908262.96765564
0.00040700 95.20901132 21593988854.45616150 41320624.47051039
0.00041229 100.82354011 22139846475.36385727 41652514.21034481
0.00041764 106.75218547 17992723234.36793900 41903565.71565133
0.00042307 113.01203049 19027414414.99784470 42148632.30176207
0.00042857 119.62107521 15976376722.55964470 42368532.81751736
0.00043414 126.59828556 16499926064.94433975 42627589.73466992
0.00043978 133.96364482 15522032348.24882698 42951563.03492400
0.00044549 141.73820793 12251637041.15914345 43221808.26830062
0.00045128 149.94415862 11268977070.93938446 43284328.51256813
0.00045714 158.60486957 9538110859.02705765 43509532.35078191
0.00046308 167.74496580 8304940922.06748486 43611051.74018976
0.00046910 177.39039144 7574974644.86893845 43736788.41943100
0.00047520 187.56848001 6038722570.68885994 43582619.00357292
0.00048137 198.30802845 4727996160.66991901 43235488.33826357
0.00048763 209.63937512 3962425734.37563848 43201735.63205806
0.00049396 221.59448192 3764974410.99826479 42919511.61642285
0.00050038 234.20702075 3358184731.39352560 42723741.77380829
0.00050688 247.51246462 3042623512.45718002 42368584.43842660
0.00051347 261.54818353 2622776461.45084143 42263766.44394444
0.00052014 276.35354558 2160388217.45759869 42105755.13352556
0.00052690 291.97002326 1893638528.30433464 41986398.58565927
0.00053375 308.44130558 1609785869.39985514 41530491.70038803
0.00054068 325.81341603 1396160405.33229089 41160365.93738584
0.00054771 344.13483687 1303283657.83373356 40899333.52583960
0.00055482 363.45664000 1132182445.10461473 40420570.10727167
0.00056203 383.83262482 1029461453.91182232 39966340.22086874
0.00056934 405.31946335 968724318.40356529 39390424.22219852
0.00057674 427.97685313 944578315.34222472 39045142.97438414
0.00058423 451.86767822 918738853.25483215 38629150.68188582
0.00059182 477.05817872 857796521.53366721 37914888.89379394
0.00059951 503.61812937 775194297.44449472 37108292.86757256
0.00060730 531.62102757 739828097.74158418 36439124.57117866
0.00061519 561.14429142 701887285.86557794 35787139.55949880
0.00062319 592.26946830 674649595.55528915 34965889.09496461
0.00063128 625.08245447 646736194.19236481 34190949.16286990
0.00063949 659.67372643 615760232.43946266 33519777.78272010
0.00064780 696.13858448 569661173.77980506 32840933.21725906
0.00065621 734.57740926 523395019.27496719 32073059.46928041
0.00066474 775.09593193 483785568.30230832 31333449.09630179
0.00067338 817.80551868 446881987.08308017 30690226.39897529
0.00068213 862.82347035 414852908.06078142 30021472.26127675
0.00069099 910.27333800 392215002.49587971 29366262.83511116
0.00069997 960.28525518 358387108.37366962 28661442.11979836
0.00070907 1012.99628790 329663098.43620312 28039911.41776489
0.00071828 1068.55080320 308523730.30916399 27480653.00566537
0.00072761 1127.10085721 291566890.72078359 26914545.83406486
0.00073707 1188.80660392 272411130.73534620 26337852.86539392
0.00074664 1227.10708193 251192327.83726850 25773991.82404833
0.00075635 1262.99885724 232047914.57629001 25161623.39066476
0.00076617 1300.03111733 217595321.30904502 24689062.82897563
0.00077613 1338.24442693 207864330.70316172 24169897.24328267
0.00078621 1377.68098422 193116841.32490718 23615789.02800506
0.00079643 1418.38469423 177762654.58276457 23124420.15406381
0.00080678 1460.40124575 166022039.28355885 22623932.15381172
0.00081726 1503.77819198 157452834.36149469 22035282.76713972
0.00082788 1548.56503513 147102977.31816116 21557121.66634593
0.00083864 1594.81331516 138102361.51323247 21022159.32341215
0.00084954 1642.57670289 130372153.80012120 20550997.81272294
0.00086058 1691.91109765 123830156.14754409 20066588.83596141
0.00087176 1742.87472978 117589951.36727308 19596803.76345979
0.00088309 1795.52826816 111954232.50877328 19165570.71358343
0.00089456 1849.93493310 106067052.27052964 18724765.63271041
0.00090618 1906.16061477 100735718.74231452 18263885.07596575
0.00091796 1964.27399758 95630684.11293313 17799046.27583696
0.00092989 2024.34669072 90771720.73384070 17370819.25257119
0.00094197 2086.45336524 87151383.54152955 16982452.85799218
0.00095421 2150.67189792 81840046.41927932 16553277.00919190
0.00096661 2217.08352246 77690731.93206255 16176264.87935971
0.00097917 2285.77298816 73137494.16158189 15759250.34917716
0.00099189 2356.82872662 68638269.85208440 15374705.65372156
0.00100478 2430.34302688 64473596.81144301 14984720.22448871
0.00101784 2506.41221934 60589224.96791983 14596353.89416649
0.00103106 2585.13686901 57000438.90150038 14208011.80548907
0.00104446 2666.62197861 54561059.60647052 13868284.95929214
0.00105803 2750.97720188 52197678.53784581 13489887.59913337
0.00107178 2838.31706781 49922420.87455495 13152051.37336919
0.00108571 2928.76121631 47251106.78421157 12806791.85459369
0.00109981 3022.43464587 44476801.20129509 12511209.78802096
0.00111411 3119.46797389 41903793.82944511 12207751.44610235
0.00112858 3219.99771036 39777375.86244512 11860083.55445485
0.00114325 3324.16654559 38037755.53471507 11553582.42185633
0.00115810 3432.12365272 36075099.66293336 11227814.86808598
0.00117315 3544.02500580 34416297.07291686 10943853.62684081
0.00118839 3660.03371423 33125896.16756923 10647551.31473100
0.00120384 3780.32037461 31494794.82422618 10354810.01541132
0.00121948 3905.06344058 30381127.58660103 10059585.50194250
0.00123532 4034.44961204 29179261.27719638 9795583.30342464
0.00125138 4168.67424440 28190819.41518173 9512626.97700967
0.00126764 4307.94177919 27056730.83280556 9231101.62394377
0.00128411 4452.46619700 25962076.45467764 8975804.41888783
0.00130079 4602.47149417 25092036.31768355 8723129.49961070
0.00131770 4758.19218417 24008443.86472021 8492372.89663769
0.00133482 4919.87382533 22971168.44471106 8280003.27624499
0.00135216 5087.77357617 22059446.55069391 8047007.44563276
0.00136973 5262.16077977 21368249.81679118 7813868.31463092
0.00138753 5443.31757891 20594777.05567521 7609640.25177102
0.00140556 5631.53956344 20030762.66938474 7386609.82616309
0.00142382 5827.13645184 19211232.33754091 7163921.75066726
0.00144233 6030.43280859 18399325.94924283 6960036.25957000
0.00146107 6241.76879947 17811052.75581401 6751372.70556325
0.00148005 6461.50098670 17111087.33117773 6564259.66442670
0.00149928 6690.00316626 16259737.70337993 6379980.23696456
0.00151877 6927.66724942 16152693.26776788 6195832.78439808
0.00153850 7174.90419112 15581713.30041948 6029788.92371770
0.00155849 7432.14496765 14759322.57930178 5861364.88273011
0.00157874 7699.84160624 14244975.41026273 5691977.73748859
0.00159926 7978.46826947 13571338.55734467 5536493.34292476
0.00162004 8268.52239755 13097295.86343468 5374246.56675192
0.00164109 8570.52591140 12547906.40940481 5222356.38817122
0.00166241 8885.02648004 12029576.40164489 5072682.69970595
0.00168401 9212.59885578 11705213.12902954 4929007.59059253
0.00170590 9553.84628077 11386694.02847726 4798068.92479332
0.00172806 9909.40196899 11070569.68401777 4657841.25522769
0.00175052 10279.93066763 10608763.29409665 4515800.01108829
0.00177326 10666.13030232 10306563.02057870 4390589.03815356
0.00179630 11068.73371075 10011108.28580110 4266303.91013435
0.00181965 11488.51046948 9722301.93731670 4137973.12773784
0.00184329 11926.26881910 9436907.47306547 4014593.67937946
0.00186724 12382.85769308 9160318.80642010 3895116.14103616
0.00189150 12859.16885596 8891145.42701211 3778768.26368510
0.00191608 13356.13915689 8599827.51979813 3670883.64081430
0.00194098 13874.75290488 8299310.69264182 3560118.43798655
0.00196620 14416.04437229 8009732.35248480 3452436.38239318
0.00199175 14981.10043368 7722318.82161274 3349629.17657489
0.00201763 15571.06334740 7429048.09058233 3249904.97155364
0.00204385 16187.13368762 7164057.38230245 3153226.51088715
0.00207041 16830.57343521 6909249.61917273 3054665.34515372
0.00209731 17502.70923589 6653165.90273233 2960027.26731864
0.00212456 18204.93583501 6405004.65789178 2872505.26087774
0.00215217 18938.71969839 6184127.39401860 2786065.48440975
0.00218013 19705.60282943 5972554.53183440 2699935.17088416
0.00220846 20507.20679320 5745023.55209843 2615633.91941055
0.00223716 21345.23695861 5534235.17172494 2533733.62891921
0.00226623 22221.48697054 5356922.95294072 2453459.23995472
0.00229567 23137.84346445 5187647.14770345 2377619.23341914
0.00232550 24096.29103635 5022329.81035371 2302924.11289611
0.00235572 25098.91748209 4853918.77251147 2230006.29743397
0.00238633 26147.91932025 4682731.20743883 2162292.45117318
0.00241734 27245.60761392 4534271.08241839 2094369.18950609
0.00244875 28394.41410730 4389469.79804923 2027956.50121885
0.00248057 29596.89769386 4248218.02465237 1962328.47746442
0.00251280 30855.75123353 4110514.16818778 1899406.09601866
0.00254545 32173.80873755 3976325.62893844 1839683.86048536
0.00257853 33554.05293999 3831899.80165606 1780358.70761897
0.00261203 34999.62327649 3706034.71282899 1720772.01848610
0.00264598 36513.82429099 3583426.73470512 1664390.65880660
0.00268036 38100.13449289 3458786.20046663 1609407.53173127
0.00271519 39762.21568751 3343290.42199414 1556506.03659853
0.00275047 41503.92280407 3231382.63619054 1504991.42832205
0.00278621 43329.31424630 3118542.93770560 1455028.31274949
0.00282241 45242.66279174 2994843.53590365 1406655.94002772
0.00285908 47248.46706709 2887527.28394449 1358931.82584244
0.00289623 49351.46362773 2783470.69285117 1312848.08858118
0.00293387 51556.63967077 2682667.46293472 1270060.30130689
0.00297199 53869.24641191 2587379.94990761 1225829.02165449
0.00301061 56294.81315743 2500247.45480365 1182727.05881154
0.00304973 58839.16210356 2410629.31124213 1142555.37215831
0.00308936 61508.42389642 2319099.40953600 1103531.29271343
0.00312950 64309.05398659 2227775.40280936 1064923.86093983
0.00317016 67247.84981303 2141614.25520031 1027354.09791458
0.00321136 70331.96885181 2061161.15138608 991098.92559584
0.00325309 73568.94756559 1979240.58932389 956354.08432725
0.00329536 76966.72129012 1903462.71043270 923010.30899545
0.00333818 80533.64509428 1835955.01593835 890576.29566578
0.00338155 84278.51565000 1766038.34644031 858978.80451375
0.00342549 88210.59414807 1698347.45548894 828731.24842944
0.00347000 92271.71190588 1632647.23363616 800297.34029138
0.00351509 92405.67048519 1560706.42631272 771596.41481302
0.00356077 87780.95262137 1503012.12566764 743334.71702365
0.00360703 87741.84855185 1449343.72023066 725501.67175577
0.00365390 92509.53088679 1392576.31690683 701800.06484905
0.00370138 97537.06205801 1337655.66961463 675620.96017202
0.00374948 102838.52122951 1284859.05196533 650043.25043486
0.00379820 108428.72667516 1235728.67028240 626148.14129236
0.00384755 114323.27062742 1207167.67483650 602800.04268207
0.00389755 120538.55518647 1168669.07198963 580158.91853664
0.00394819 123631.47630472 1126482.80524549 559175.56824285
0.00399950 130106.73952328 1096367.46781125 537607.33949610
0.00405146 137150.00824923 1147148.36525569 517022.24154528
0.00410411 144320.51207018 1205772.26134504 497089.40365281
0.00415744 152159.55485604 1266890.42458890 477585.62477958
0.00421146 160422.43557510 1331317.54124985 459486.46997827
0.00426618 164222.22536552 1391801.68184562 441635.56172654
0.00432162 173106.28053269 1462168.79553099 424876.01599431
0.00437777 182468.08417765 1535866.73409216 408273.91262004
0.00443466 179708.13951866 1613027.44146255 392285.00267633
0.00449228 170780.50453013 1690587.29089244 377173.35116929
0.00455065 163766.64750021 1773646.66960381 363167.82525638
0.00460978 157418.33549031 1861637.58347723 349474.57675606
0.00466968 151293.55529342 1953742.80908709 336847.62094525
0.00473036 145385.19762617 2049632.23199213 324954.61993348
0.00479183 139638.80876835 2150116.58403372 312619.72684678
0.00485409 134156.41821608 2255018.32179915 300971.87359592
0.00491717 128854.56293515 2363081.00023953 292724.00004192
0.00498106 123324.18032115 2449263.29939155 281411.96265636
0.00504578 117345.11569183 2565958.71416101 269644.80975379
0.00511135 111651.91451414 2688271.08522637 258888.42590336
0.00517777 106505.70991389 2815565.29521144 248428.13157406
0.00524504 101839.01915089 2947950.97573264 237996.97785451
0.00531320 97399.57142016 3085529.21950275 228093.96783208
0.00538224 95994.13555132 3228391.05035545 218540.94205478
0.00545217 95624.52118004 3376615.77557810 209568.93544818
0.00552302 95060.76732567 3381911.09349548 200800.99612488
0.00559479 90845.45215979 3283965.43381980 191973.01206262
0.00566748 86569.53115200 3187356.73272286 183778.66274099
0.00574113 82497.23392735 3093364.65690338 175952.44991454
0.00581573 79028.61480401 2954499.38813100 168488.09917293
0.00589130 75869.70717996 2919392.29419678 161339.78754451
0.00596785 72829.35663251 2840297.78480608 154517.77149283
0.00604539 69900.76075089 2759990.86375249 147946.93773993
0.00612395 67080.24358683 2678928.94752138 141672.48764092
0.00620352 64344.10086235 2599972.21959675 135538.66401402
0.00628413 61230.58830123 2523070.62749637 129799.08715179
0.00636579 58265.16748997 2448175.48864375 124176.98130852
0.00644850 55540.62829162 2375239.43716965 118765.52992895
0.00653230 53194.87649812 2304216.37149261 113569.85728614
0.00661718 50941.13245854 2235061.40288891 108535.23617088
0.00670316 48776.13448362 2167730.80526127 103794.03323281
0.00679026 46696.72221539 2102181.96630941 99359.59140308
0.00687849 44698.30773905 2038373.34029402 95095.85102406
0.00696787 42782.50335075 1976264.40256947 90915.94558597
0.00705841 40941.85799455 1979647.44031040 86871.81856589
0.00715013 39175.11566647 2061861.33975444 83116.20728236
0.00724304 37479.58247820 2087505.73085325 79386.65443129
0.00733715 35852.65035830 2036874.49620989 75826.15356233
0.00743249 34291.79472608 2128967.98053317 72433.43991848
0.00752907 32794.57222924 2222963.53625852 69205.84997819
0.00762690 31358.61854183 2322689.64268875 66074.13693783
0.00772600 29981.64621952 2426811.07005783 63128.25862808
0.00782640 28661.44260935 2533863.63335817 60255.78555623
0.00792809 27395.86781147 2643726.55927556 57558.97553601
0.00803111 26182.85269040 2756251.90587717 54942.98217145
0.00813546 25020.39693375 2832324.96607727 52395.89863376
0.00824118 23906.56715636 2942057.89180656 50024.02313390
0.00834826 22839.49504815 3059088.66921614 47709.47404741
0.00845674 21817.37556393 3178764.71914438 45518.69601374
0.00856663 20838.46515385 3301125.16171241 43457.70292724
0.00867794 19901.08003298 3425874.10772453 41477.06237063
0.00879070 19003.59448888 3552788.96740065 39598.22755065
0.00890493 18144.43922615 3681615.77414264 37781.61465055
0.00902064 17322.09974674 3812068.20817532 36046.05378794
0.00913785 16535.11476539 3943826.92172277 34382.42537084
0.00925659 15762.34672390 4076539.21890384 32803.51159033
0.00937687 15041.06601924 4209819.14323290 31284.35110888
0.00949871 14360.45464761 4337408.37197864 29829.24740726
0.00962214 13709.35453568 4454520.58803346 28439.82576916
0.00974717 13080.64163673 4568448.44198185 27114.98733227
0.00987382 12479.43468083 4678616.03450523 25853.88234910
0.01000212 11933.38780792 4784445.87901734 24642.45329317
0.01013209 11391.29555824 4885365.06566687 23482.88242440
0.01026374 10865.39740427 4980811.71139213 22375.02294842
0.01039711 10347.31612472 5070241.57566983 21315.49859811
0.01053221 9853.30441614 5176404.46658947 20316.26009840
0.01066907 9382.28726110 5285235.82084126 19369.86334527
0.01080770 8942.07735098 5389235.34392690 18456.66073722
0.01094813 8524.51818345 5487842.46955628 17594.25492781
0.01109039 8136.11795500 5580508.87095650 16750.89319064
0.01123450 7764.95922598 5666704.73904838 15954.02096263
0.01138048 7387.09824261 5745925.09947398 15194.77906415
0.01152836 7026.31581445 5817696.04068680 14487.83047470
0.01167816 6693.25314900 5881580.72075707 13809.08104942
0.01182990 6375.39642114 5937185.02029442 13162.33643691
0.01198362 6072.08623123 5984162.71319435 12529.75967517
0.01213934 5782.68967946 6022220.03579348 11938.91897106
0.01229708 5507.07006495 6051119.54825677 11374.46518854
0.01245686 5268.31508150 6070683.19916706 10821.15286808
0.01261873 5011.86140942 6080794.52468218 10298.94616550
0.01278269 4767.57601527 6081399.93643187 9804.55330936
0.01294879 4534.90602823 6072509.07658550 9334.38715904
0.01311705 4313.32188857 6054194.24320682 8887.26625585
0.01328749 4102.31649044 6026588.91309647 8462.19386905
0.01346015 3901.90101348 5989885.41184130 8053.62795144
0.01363505 3713.07684438 5944331.80088721 7661.12597261
0.01381222 3533.09824965 5890228.06843965 7289.64912549
0.01399170 3361.56821169 5827921.72436883 6935.24505142
0.01417350 3198.10645819 5757802.90876082 6603.02343170
0.01435768 3042.34882274 5680299.12922039 6286.34571360
0.01454424 2893.94662577 5595869.74360241 5983.32096679
0.01473323 2752.56607548 5505000.30279681 5695.54495189
0.01492467 2618.33663190 5408196.86292834 5418.33366493
0.01511860 2502.73520192 5305980.36836321 5152.28945305
0.01531505 2387.09061080 5198881.19680796 4899.15197457
0.01551405 2269.44958129 5087433.94613296 4659.30209758
0.01571564 2157.54552113 4972172.52993112 4431.43827829
0.01591985 2051.10296643 4853625.63577789 4214.56605650
0.01612671 1949.85937406 4732312.58717140 4008.08284486
0.01633626 1853.56453723 4608739.63761578 3813.43647291
0.01654854 1761.98002591 4483396.71359563 3627.85778949
0.01676357 1674.87865126 4356754.61252665 3450.08027952
0.01698139 1592.04395310 4229262.65232623 3280.52556228
0.01720205 1513.26970949 4101346.76112827 3119.45468000
0.01742557 1438.37213343 3973407.98890259 2966.20080412
0.01765200 1367.20823151 3845196.97296340 2820.41115002
0.01788137 1299.54027581 3715860.91051902 2683.28922000
0.01811372 1235.19841922 3587788.22302722 2551.17032559
0.01834909 1174.02092730 3461262.40916668 2425.95008229
0.01858751 1115.83524088 3336539.39495255 2307.04113426
0.01882904 1060.47684061 3213848.15536228 2193.20501360
0.01907370 1007.84597543 3093358.15658833 2084.93273914
0.01932154 957.80963467 2975242.77157840 1981.95978031
0.01957261 910.24119422 2859701.67773604 1884.26518500
0.01982693 865.02011709 2746864.99727804 1791.33833651
0.02008456 822.03166746 2636841.25315920 1702.95000263
0.02034554 781.16663776 2529718.69250222 1619.03380981
0.02060991 742.32108800 2425566.63890054 1539.25497819
0.02087772 705.39609714 2324436.85534061 1463.30764092
0.02114900 670.29752568 2226364.90186472 1390.83334157
0.02142381 636.92668873 2131371.47436448 1322.29856966
0.02170219 605.18124098 2039463.71303126 1257.19686297
0.02198419 575.02306576 1950636.47097752 1194.96824916
0.02226985 546.43960204 1864873.53536924 1135.74750989
0.02255922 519.21310453 1781880.85436649 1079.57610208
0.02285236 493.33662121 1701871.22880335 1026.11316499
0.02314930 468.74369303 1624867.77804585 975.26835352
0.02345010 445.37109746 1550816.20501186 927.17810269
0.02375481 423.15869341 1479656.78066822 881.32501988
0.02406348 402.04927347 1411325.18083066 837.71532431
0.02437616 381.98842294 1345753.25833254 796.23839438
0.02469290 362.92438561 1282869.75220927 756.75590902
0.02501376 344.79253579 1222600.93598023 719.31557990
0.02533879 327.55224221 1164871.20745070 683.26105348
0.02566804 311.17057152 1109603.62271429 649.19003369
0.02600157 295.63831819 1056720.37722101 616.88752298
0.02633943 280.88348235 1006143.23689750 586.24011713
0.02668169 266.86222302 957793.92237268 557.10582823
0.02702839 253.47173915 911594.44938240 529.41064275
0.02737959 240.83938476 867467.42840807 503.06352710
0.02773536 228.77312911 825336.32655374 477.96359813
0.02809576 217.32257221 785125.69458894 454.11080541
0.02846083 206.15911582 746761.36198730 431.45666091
0.02883065 196.15848159 710170.60267715 409.90330352
0.02920527 186.33258514 675282.27409507 389.55643669
0.02958477 176.99718670 642026.93199940 370.27563554
0.02996919 168.12792054 610336.92336195 351.81817067
0.03035861 159.70162292 580146.45951431 334.17615720
0.03075309 151.70217117 551391.67158323 316.94136398
0.03115269 144.13288603 524010.65010877 301.09365966
0.03155749 136.94342288 497943.47060080 286.03588920
0.03196755 130.09491785 473132.20665546 271.72886112
0.03238293 123.57941938 449520.93212403 258.13531488
0.03280371 117.38946167 427055.71370288 245.25922878
0.03322996 111.50883653 405684.59519547 233.07244403
0.03366175 105.92213853 385357.57458606 221.19615420
0.03409915 100.61267016 366026.57495994 210.13090846
0.03454224 95.56287400 347645.41020655 199.61618123
0.03499108 90.76585295 330169.74635040 189.62613729
0.03544575 86.20900062 313557.05926899 180.14089973
0.03590633 81.88033615 297766.58947837 171.01931512
0.03637290 77.76989879 282759.29459364 162.44895787
0.03684552 73.87069839 268497.80000484 154.28853718
0.03732429 70.16663468 254946.34824688 146.45944683
0.03780928 66.64796866 242070.74748602 139.08145921
0.03830058 63.30544542 229838.31949383 132.11433873
0.03879825 60.15335081 218217.84743325 125.47454856
0.03930240 57.13800547 207179.52373833 119.18691265
0.03981309 54.27191620 196694.89833178 113.21369424
0.04033042 51.54908950 186736.82738907 107.53921962
0.04085447 48.96265801 177279.42282743 102.14968404
0.04138533 46.50017645 168298.00266970 97.02542933
0.04192309 44.17205237 159769.04240848 92.16070591
0.04246784 41.95524614 151670.12747341 87.53944606
0.04301967 39.95229715 143979.90688500 83.11753696
0.04357866 38.27779283 136678.04816063 78.95002861
0.04414492 36.31749776 129745.19352310 74.97577193
0.04471854 34.44728000 123162.91744830 71.23033590
0.04529961 32.60716975 116913.68557681 67.65668659
0.04588823 30.80240949 110980.81500371 64.26470656
0.04648450 29.25537255 105348.43595195 61.04379211
0.04708852 27.78260331 100001.45482663 57.98559115
0.04770039 26.38387442 94925.51864107 55.08519793
0.04832020 25.05580405 90106.98079968 52.32523570
0.04894807 23.73089622 85532.86821779 49.70185435
0.04958410 22.41134502 81190.84975464 47.19964783
0.05022840 21.16337424 77069.20593225 44.81936867
0.05088106 20.06005827 73156.79991029 42.57093496
0.05154221 18.94557823 69443.04968480 40.42762102
0.05221195 17.88604005 65917.90147683 38.38790623
0.05289039 16.90049303 62571.80427594 36.45955879
0.05357764 15.98453678 59395.68550237 34.63655239
0.05427383 15.17771367 56380.92775143 32.88835398
0.05497906 14.41201657 53519.34658278 31.23602099
0.05569346 13.68662981 50803.16931788 29.66673045
0.05641714 12.97125106 48225.01480837 28.17779056
0.05715022 12.24228685 45777.87413891 26.76347794
0.05789283 11.55428277 43455.09222826 25.42005968
0.05864508 10.90198795 41250.35029283 24.14398904
0.05940712 10.28551293 39157.64913801 22.93171780
0.06017905 9.70295128 37171.29324286 21.78005188
0.06096101 9.15249491 35285.87560507 20.68616424
0.06175314 8.63984548 33496.26331345 19.64716067
0.06255556 8.20166875 31797.58381675 18.65999267
0.06336840 7.78574977 30185.21185802 17.71506768
0.06419181 7.39095549 28654.75704507 16.83170481
0.06502592 6.98370311 27202.05202838 15.98582548
0.06587086 6.58692521 25823.14125902 15.18242536
0.06672678 6.21208134 24514.27029982 14.41937346
0.06759383 5.85799687 23271.87566438 13.69464551
0.06847214 5.52355810 22092.57515930 13.00631867
0.06936187 5.20848420 20973.15870595 12.35256641
0.07026315 4.91111825 19910.57961914 11.73165371
0.07117615 4.63030399 18901.94632108 11.14659621
0.07210101 4.37457234 17944.51446956 10.58642717
0.07303789 4.15394106 17035.67948074 10.05438892
0.07398694 3.94472995 16172.96942714 9.54907030
0.07494832 3.74605855 15354.03829292 9.06913082
0.07592220 3.53987573 14576.65956878 8.61329712
0.07690873 3.36107335 13838.72016998 8.18257410
0.07790808 3.19129985 13138.21466157 7.77220640
0.07892041 3.03009964 12473.23977563 7.38154671
0.07994590 2.87704011 11841.98920613 7.01122066
0.08098472 2.73171044 11242.74866758 6.65879466
0.08203703 2.59372053 10673.89120439 6.32407281
0.08310301 2.46269994 10133.87273840 6.00616655
0.08418285 2.33829689 9621.22784264 5.70423187
0.08527672 2.22017737 9134.56573003 5.41745357
0.08638480 2.09827304 8672.56644624 5.14505503
0.08750728 1.97500510 8233.97725633 4.88634677
0.08864435 1.85137869 7817.60921553 4.64064121
0.08979619 1.73569758 7422.33391480 4.40728528
0.09096300 1.62741121 7047.08039231 4.18566106
0.09214497 1.52592494 6690.83220250 3.97520140
0.09334230 1.43081353 6352.62463470 3.77574403
0.09455519 1.34167786 6031.54207368 3.58588896
0.09578383 1.25814344 5726.71549503 3.40557601
0.09702844 1.18590577 5437.32008840 3.23432590
0.09828923 1.12470118 5162.57300213 3.07132818
0.09956640 1.06247005 4901.73120313 2.91687675
0.10086016 0.99706092 4654.08944610 2.77051360
0.10217073 0.94521290 4418.97834645 2.63118550
0.10349833 0.89737684 4195.76255180 2.49921518
0.10484319 0.84973299 3983.83900684 2.37351526
0.10620552 0.79664326 3782.63530687 2.25413543
0.10758555 0.75021006 3591.60813551 2.14075807
0.10898351 0.71222165 3410.24178224 2.03308152
0.11039964 0.67616058 3238.04673567 1.93081926
0.11183417 0.63992627 3074.55834870 1.83369917
0.11328734 0.60261851 2919.33557191 1.74146280
0.11475939 0.56754530 2771.95975162 1.65386467
0.11625057 0.53456972 2632.03348940 1.57047740
0.11776112 0.50077989 2499.17955979 1.49132313
0.11929131 0.46903804 2373.03988332 1.41614963
0.12084137 0.44359311 2253.27455197 1.34490961
0.12241158 0.41698804 2139.56090440 1.27725250
0.12400219 0.39191685 2031.59264841 1.21299816
0.12561347 0.36959724 1929.07902813 1.15197552
0.12724569 0.35090484 1831.74403377 1.09402208
0.12889912 0.33039028 1739.32565172 1.03898353
0.13057403 0.31096402 1651.57515283 0.98671330
0.13227070 0.29325412 1568.25641707 0.93720421
0.13398942 0.27840322 1489.14529260 0.89005626
0.13573048 0.26421462 1414.02898754 0.84533964
0.13749415 0.25101742 1342.70549273 0.80281012
0.13928075 0.23832115 1274.98303392 0.76241989
0.14109056 0.22535475 1210.67955192 0.72406135
0.14292388 0.21260372 1149.62220918 0.68763234
0.14478103 0.19991125 1091.64692154 0.65303583
0.14666231 0.18746464 1036.59791384 0.62017967
0.14856803 0.17580428 984.32729814 0.58892346
0.15049852 0.16488027 934.69467342 0.55929111
0.15245409 0.15560663 887.56674565 0.53114953
0.15443508 0.14686979 842.81696726 0.50442376
0.15644180 0.13866248 800.32519483 0.47904257
0.15847460 0.13094316 759.97736436 0.45488253
0.16053381 0.12366575 721.66518290 0.43199456
0.16261978 0.11730171 685.28583595 0.41025808
0.16473286 0.11138098 650.74170976 0.38961515
0.16687339 0.10573273 617.94012765 0.37001078
0.16904174 0.10030485 586.79309984 0.35139273
0.17123826 0.09462348 557.21708594 0.33371137
0.17346333 0.08927025 529.13276949 0.31691961
0.17571730 0.08422594 502.46484398 0.30097267
0.17800057 0.07947976 477.14180977 0.28582807
0.18031350 0.07500667 453.09578127 0.27144545
0.18265649 0.07087143 430.26230390 0.25778647
0.18502992 0.06712499 408.58018041 0.24481473
0.18743419 0.06319778 387.99130596 0.23249566
0.18986970 0.05951252 368.44051160 0.22079642
0.19233686 0.05617325 349.87541566 0.20968584
0.19483608 0.05303004 332.24628268 0.19913429
0.19736778 0.05006745 315.50588956 0.18911366
0.19993236 0.04734953 299.60939842 0.17959722
0.20253028 0.04478320 284.51423592 0.17055963
0.20516195 0.04235940 270.17997874 0.16197678
0.20782782 0.04007276 256.56824485 0.15382580
0.21052832 0.03791267 243.64259022 0.14608496
0.21326392 0.03584292 231.36841090 0.13873363
0.21603507 0.03393183 219.71284993 0.13175220
0.21884222 0.03211902 208.64470906 0.12512207
0.22168585 0.03039670 198.13436486 0.11882556
0.22456642 0.02878576 188.15368915 0.11284589
0.22748443 0.02727198 178.67597344 0.10716711
0.23044036 0.02593076 169.67585716 0.10177409
0.23343469 0.02493450 161.12925954 0.09665244
0.23646793 0.02364383 153.01331501 0.09178852
0.23954059 0.02237981 145.30631172 0.08716936
0.24265317 0.02118481 137.98763332 0.08278264
0.24580620 0.02005488 131.03770362 0.07861666
0.24900019 0.01897790 124.43793402 0.07466032
0.25223569 0.01787516 118.17067367 0.07090306
0.25551324 0.01686657 112.21916207 0.06733489
0.25883336 0.01598776 106.56748416 0.06394625
0.26219664 0.01515590 101.20052761 0.06072811
0.26560361 0.01436787 96.10394228 0.05767192
0.26905485 0.01357365 91.26410176 0.05476953
0.27255094 0.01286607 86.66806685 0.05201320
0.27609246 0.01219589 82.30355081 0.04939557
0.27968000 0.01156250 78.15888650 0.04690968
0.28331415 0.01096242 74.22299507 0.04454889
0.28699552 0.01039388 70.48535629 0.04230690
0.29072473 0.00985529 66.93598033 0.04017774
0.29450240 0.00930589 63.56538104 0.03815573
0.29832915 0.00877829 60.36455048 0.03623547
0.30220563 0.00828124 57.32493486 0.03441186
0.30613248 0.00781875 54.43841157 0.03268001
0.31011035 0.00741026 51.69726746 0.03103533
0.31413992 0.00702370 49.09417816 0.02947341
0.31822184 0.00665760 46.62218851 0.02799009
0.32235680 0.00631086 44.27469388 0.02658143
0.32654550 0.00598243 42.04542255 0.02524366
0.33078862 0.00567133 39.92841887 0.02397321
0.33508687 0.00537663 37.91802735 0.02276670
0.33944098 0.00509745 36.00887753 0.02162091
0.34385166 0.00483295 34.19586955 0.02053278
0.34831966 0.00456883 32.47416060 0.01949941
0.35284571 0.00431861 30.83915186 0.01851805
0.35743058 0.00408225 29.28647627 0.01758607
0.36207502 0.00385911 27.81198682 0.01670100
0.36677981 0.00364849 26.41174542 0.01586048
0.37154573 0.00344967 25.08201246 0.01506225
0.37637358 0.00326196 23.81923670 0.01430420
0.38126417 0.00308474 22.62004583 0.01358429
0.38621830 0.00292528 21.48123746 0.01290062
0.39123681 0.00277541 20.39977053 0.01225135
0.39632053 0.00263328 19.37275718 0.01163476
0.40147030 0.00249848 18.39745502 0.01104921
0.40668699 0.00237063 17.47125984 0.01049312
0.41197147 0.00224937 16.59169861 0.00996501
0.41732461 0.00213436 15.75642286 0.00946349
0.42274731 0.00202527 14.96320245 0.00898721
0.42824047 0.00192179 14.20991954 0.00853489
0.43380502 0.00182364 13.49456300 0.00810534
0.43944186 0.00173064 12.81522299 0.00769741
0.44515195 0.00164241 12.17008585 0.00731001
0.45093624 0.00155870 11.55742930 0.00694211
0.45679569 0.00147929 10.97561778 0.00659272
0.46273128 0.00140394 10.42309813 0.00626092
0.46874399 0.00133245 9.89839540 0.00594581
0.47483484 0.00126462 9.40010892 0.00564656
0.48100482 0.00120026 8.92690859 0.00536238
0.48725498 0.00113920 8.47753126 0.00509250
0.49358636 0.00108125 8.05077742 0.00483620
0.50000000 0.00102627 7.64550797 0.00459279
