frequencies psd_low psd_hi psd_mid
0.00000125 42974.04872151 1304178.17574109 257189.56196494
0.00000127 43312.61271602 1304178.30527469 257189.59462018
0.00000128 43635.27393055 1304178.43761302 257297.27865617
0.00000129 43635.41828211 1304178.57281682 257352.54037139
0.00000131 43635.56575925 1304178.71094813 257352.55945887
0.00000132 43636.16945336 1304178.85207034 257352.57895965
0.00000134 43822.65219002 1304178.99624822 257352.59888267
0.00000135 44260.78806806 1304179.14354791 257352.61923707
0.00000136 44260.79708432 1304179.29403704 257352.64003220
0.00000138 44260.80629580 1304179.44778464 257352.66127760
0.00000139 44260.81570674 1304179.60486127 257352.68298301
0.00000141 44260.82532144 1304179.76533903 257352.70515840
0.00000142 44260.83514433 1304179.92929155 257352.72781394
0.00000144 44260.84517991 1304180.09679407 257352.75096004
0.00000146 44260.85543278 1304180.26792346 257352.77460730
0.00000147 44260.86590766 1304180.44275825 257352.79876659
0.00000149 44260.87660934 1304180.62137868 257352.82344900
0.00000150 44260.88754275 1304180.80386670 257352.84866583
0.00000152 44260.89871289 1304180.99030607 257352.87442868
0.00000154 44260.91012489 1304181.18078235 257352.90074936
0.00000155 44260.92178400 1304181.37538295 257352.92763995
0.00000157 44260.93369555 1304181.57419716 257352.95511279
0.00000159 44260.94586502 1304181.77731623 257352.98318049
0.00000160 44260.95829799 1304181.98483337 257353.01185593
0.00000162 44260.97100016 1304182.19684381 257353.04115227
0.00000164 44260.98397738 1304182.41344484 257353.07108295
0.00000165 44260.99723558 1304182.63473587 257353.10166170
0.00000167 44261.01078086 1304182.86081844 257353.13290256
0.00000169 44261.02461942 1304183.09179630 257353.16481987
0.00000171 44261.03875763 1304183.32777546 257353.19742828
0.00000173 44261.05320197 1304183.56886420 257353.23074274
0.00000175 44261.06795907 1304183.81517317 257353.26477854
0.00000176 44261.08303570 1304184.06681540 257353.29955131
0.00000178 44261.09843878 1304184.32390636 257353.33507701
0.00000180 44261.11417537 1304184.58656404 257353.37137192
0.00000182 44261.13025271 1304184.85490898 257353.40845272
0.00000184 44261.14667816 1304185.12906433 257353.44633642
0.00000186 44261.16345927 1304185.40915588 257353.48504039
0.00000188 44261.18060373 1304185.69531220 257353.52458241
0.00000190 44261.19811942 1304185.98766458 257353.56498062
0.00000192 44261.21601437 1304186.28634720 257353.60625356
0.00000194 44261.23429679 1304186.59149713 257353.64842017
0.00000196 44261.25297508 1304186.90325441 257353.69149980
0.00000199 44261.93413786 1304187.22176209 257353.73551222
0.00000201 44264.30551755 1304187.54716636 257353.78047762
0.00000203 44266.72824402 1304187.87961655 257353.82641665
0.00000205 44269.20342910 1304188.21926521 257353.87335038
0.00000207 44271.73220867 1304188.56626823 257353.92130035
0.00000209 44274.31574320 1304188.92078485 257353.97028857
0.00000212 44286.04432431 1304189.28297775 257354.02033751
0.00000214 44390.73729265 1304189.65301316 257354.07147016
0.00000216 44497.69715119 1304190.03106090 257354.12370996
0.00000219 44606.97298505 1304190.41729445 257354.17708090
0.00000221 44811.60800440 1304190.81189107 257354.23160746
0.00000223 45706.09859486 1304191.21503184 257354.28731467
0.00000226 46343.82090695 1304191.62690178 257354.34422810
0.00000228 46346.90049121 1304192.04768989 257354.40237386
0.00000231 46350.04675706 1304192.47758930 257354.46177863
0.00000233 46353.26114837 1304192.91679728 257354.52246969
0.00000236 46356.54514027 1304193.36551541 257354.58447487
0.00000238 46359.90023983 1304193.82394960 257354.64782264
0.00000241 46363.32798675 1304194.29231026 257354.71254207
0.00000243 46366.82995410 1304194.77081230 257354.77866285
0.00000246 46370.40774898 1304195.25967535 257354.84621533
0.00000249 46374.06301331 1304195.75912374 257354.91523051
0.00000251 46377.79742455 1304196.26938669 257354.98574007
0.00000254 46462.74089264 1304196.79069837 257355.05777636
0.00000257 46613.42775498 1304197.32329803 257355.13137244
0.00000259 46767.37742252 1304197.86743010 257355.20656208
0.00000262 46812.99994186 1304198.42334428 257355.28337980
0.00000265 46837.07743823 1304198.99129571 257355.36186083
0.00000268 46850.13642169 1304199.57154504 257355.44204121
0.00000271 46863.47817045 1304200.16435857 257355.52395773
0.00000274 46877.36136622 1304200.77000835 257355.60764798
0.00000277 47196.33278028 1304201.38877235 257355.69315036
0.00000280 47263.82435839 1304202.02093453 257355.78050412
0.00000283 47264.26345018 1304202.66678501 257355.86974934
0.00000286 47264.71204963 1304203.32662021 257355.96092699
0.00000289 47265.17036260 1304204.00074295 257356.05407890
0.00000292 47265.63859943 1304204.68946260 257356.14924782
0.00000295 47266.11697500 1304205.39309525 257356.24647744
0.00000298 47266.60570885 1304206.11196383 257356.34581237
0.00000301 47267.10502529 1304206.84639825 257356.44729819
0.00000305 47267.61515346 1304207.59673558 257356.55098149
0.00000308 47268.13632747 1304208.36332019 257356.65690985
0.00000311 47268.66878652 1304209.14650389 257356.76513188
0.00000315 47269.21277495 1304209.94664613 257356.87569724
0.00000318 47269.76854244 1304210.76411413 257356.98865669
0.00000321 47270.33634403 1304211.59928306 257357.10406205
0.00000325 47270.91644033 1304212.45253623 257357.22196629
0.00000328 47271.50909754 1304213.32426525 257357.34242353
0.00000332 47272.11458767 1304214.21487019 257357.46548905
0.00000336 47272.73318860 1304215.12475980 257357.59121931
0.00000339 47273.36518423 1304216.05435169 257420.43494433
0.00000343 47274.01086461 1304217.00407249 257420.59117187
0.00000346 47275.34356153 1304217.97435810 257420.75078225
0.00000350 47297.65377138 1304218.96565383 257420.91384872
0.00000354 47320.44707068 1304219.97841465 257421.08044611
0.00000358 47343.73392032 1304221.01310538 257421.25065090
0.00000362 47367.52500776 1304222.07020091 257421.42454119
0.00000366 47391.83125187 1304223.15018641 257421.60219678
0.00000369 47416.66380800 1304224.25355757 257421.78369923
0.00000373 47439.27905779 1304225.38082079 257421.96913182
0.00000377 47439.32701649 1304226.53249346 257422.15857966
0.00000382 47439.37601367 1304227.70910417 257422.35212971
0.00000386 47439.42607179 1304228.91119295 257893.61262108
0.00000390 47439.47721384 1304230.13931153 257896.22709330
0.00000394 47439.52946330 1304231.39402361 257898.89817812
0.00000398 47439.58284413 1304232.67590506 257901.62710147
0.00000403 47439.63738084 1304233.98554424 257904.41511584
0.00000407 47439.69309847 1304235.32354227 257907.26350081
0.00000411 47439.75002257 1304236.69051327 257910.17356371
0.00000416 47439.80817929 1304238.08708466 257913.14664016
0.00000420 47439.86759530 1304239.51389746 257916.18409473
0.00000425 47439.92829788 1304240.97160656 257919.28732152
0.00000429 47439.99031489 1304242.46088106 257922.45774483
0.00000434 47440.05367479 1304243.98240451 257925.69681981
0.00000439 47440.11840667 1304245.53687531 257929.00603312
0.00000443 47440.18454023 1304247.12500696 257932.38690363
0.00000448 47440.25210583 1304248.74752841 257935.84098309
0.00000453 47674.63804905 1304250.40518443 257939.36985687
0.00000458 47674.71228875 1304252.09873589 257942.97514467
0.00000463 47674.78813602 1304253.82896015 258508.05994697
0.00000468 47674.86562567 1304255.59665142 258511.80481671
0.00000473 47674.94479327 1304257.40262109 258515.63077800
0.00000478 47675.02567514 1304259.24769814 258519.53958692
0.00000483 47675.10830843 1304261.13272951 258523.53303762
0.00000488 47675.19273104 1304263.05858048 258527.61296306
0.00000493 47675.27898174 1304265.02613507 258531.78123595
0.00000499 47675.36710010 1304267.03629644 258536.03976954
0.00000504 47675.45712658 1304269.08998735 258540.39051850
0.00000510 47675.54910249 1304271.18815050 258544.83547987
0.00000515 47934.85607960 1304273.33174905 258549.37669394
0.00000521 48580.52480677 1304275.52176700 258554.01624518
0.00000526 48630.87669211 1304277.75920968 258558.75626321
0.00000532 48682.31891589 1304280.04510419 258563.59892379
0.00000538 48734.87509087 1304282.38049987 258568.54644980
0.00000543 48791.45382548 1304284.76646883 258573.60111228
0.00000549 48798.28723096 1304287.20410635 258674.25027923
0.00000555 48801.38515527 1304289.69453149 258674.60372688
0.00000561 48804.55016039 1304292.23888752 258674.96482822
0.00000567 48807.78369892 1304294.83834249 258675.33374900
0.00000573 48811.08725492 1304297.49408974 258675.71065856
0.00000579 48814.46234461 1304300.20734849 258676.09572992
0.00000586 48817.91051701 1304302.97936435 258676.48913982
0.00000592 48821.43335471 1304305.81140993 258680.67527958
0.00000598 48943.06934647 1304308.70478540 258686.79715777
0.00000605 48943.32853468 1304311.66081912 258693.05160553
0.00000611 48943.59333561 1313675.04421581 258699.44149404
0.00000618 49005.37307287 1313914.25811958 258705.96975664
0.00000624 49308.37051362 1313917.45315932 258712.63939024
0.00000631 49309.65111261 1313920.71738822 259417.34720784
0.00000638 49310.95944346 1313924.05230478 259418.71848294
0.00000645 49312.29610679 1313927.45943996 259420.11945328
0.00000652 49313.66171626 1313930.94035790 259421.55076197
0.00000659 49315.05689878 1313934.49665661 259427.40328995
0.00000666 49316.48229489 1313938.12996871 259435.98257737
0.00000673 49317.93855897 1313941.84196222 259444.74765503
0.00000680 49319.42635959 1313945.63434128 259453.70254694
0.00000688 49320.94637981 1313949.50884694 259462.85136433
0.00000695 49322.49931749 1313953.46725799 259472.19830746
0.00000703 49324.08588561 1313957.51139175 259481.74766765
0.00000710 49325.70681258 1313961.64310492 259491.50382914
0.00000718 49327.36284261 1313965.86429442 259501.47127119
0.00000726 49329.05473604 1313970.17689828 259511.65457013
0.00000733 49330.78326967 1313974.58289650 259522.05840142
0.00000741 49332.54923715 1313979.08431201 259532.68754184
0.00000749 49334.35344929 1313983.68321155 259543.54687166
0.00000757 49336.19673452 1313988.38170666 259554.64137691
0.00000765 49338.07993919 1313993.18195461 259565.97615168
0.00000774 49340.00392798 1324185.05308058 259577.55640040
0.00000782 49341.96958434 1324205.43507664 259589.38744031
0.00000790 49343.97781084 1324210.80189247 259601.47470388
0.00000799 49346.02952962 1324216.28494538 259613.82374127
0.00000808 49348.12568281 1324221.88675360 259626.44022296
0.00000816 49350.26723292 1324227.60988994 259639.32994226
0.00000825 49352.45516338 1324233.45698301 259652.49881809
0.00000834 49354.69047887 1324239.43071839 259665.95289759
0.00000843 49356.97420590 1324245.53383988 259679.69835901
0.00000852 49369.33468263 1324251.76915077 259693.74151444
0.00000861 49802.68682503 1324258.13951511 259708.08881282
0.00000870 49803.90024890 1324264.64785905 259722.74684285
0.00000880 49805.13995286 1324271.29717220 259737.72233601
0.00000889 49806.40650620 1324278.09050897 259753.02216973
0.00000899 49807.70049060 1324285.03099001 259768.65337045
0.00000909 49809.02250030 1324292.12180361 259784.62311696
0.00000918 49810.37314245 1324299.36620723 259800.93874364
0.00000928 49811.75303735 1324306.76752894 259817.60774385
0.00000938 49813.16281874 1324314.32916899 259834.63777339
0.00000948 49814.60313410 1324322.05460137 259852.03665401
0.00000959 49816.07464496 1324329.94737540 259869.81237703
0.00000969 49817.57802718 1324338.01111737 259887.97310702
0.00000979 50106.07098882 1324346.24953223 259906.52718553
0.00000990 50847.22167204 1324354.66640529 259925.48313498
0.00001000 51604.42440956 1324363.26560395 259944.84966252
0.00001011 52055.64050946 1324372.05107949 259964.63566413
0.00001022 52056.94011457 1324381.02686891 260423.15475833
0.00001033 52058.26786872 1324390.19709678 260426.69119924
0.00001044 52059.62438182 1324399.56597713 260430.30423834
0.00001056 52061.01027700 1324409.13781543 260433.99553528
0.00001067 52062.42619091 1324418.91701054 260437.76678571
0.00001078 52063.87277398 1324428.90805676 260441.61972203
0.00001090 52065.35069078 1324439.11554590 260445.55611423
0.00001102 52066.86062027 1325457.36118393 260449.57777065
0.00001114 52068.40325613 1325471.20113794 260453.68653887
0.00001126 52069.97930710 1325485.34098234 260457.88430651
0.00001138 52071.58949726 1325499.78722021 260462.17300216
0.00001150 52073.23456644 1325514.54649585 260466.55459619
0.00001162 52074.91527047 1325529.62559787 260471.03110174
0.00001175 52076.63238160 1325545.03146232 260475.60457560
0.00001187 52081.26385295 1325560.77117595 260480.27711916
0.00001200 52096.87777340 1325576.85197943 260485.05087940
0.00001213 52112.81649412 1325593.28127075 260855.94828397
0.00001226 52129.08622103 1325610.06660862 260857.64072812
0.00001239 52265.07653385 1330104.13160837 260859.36983269
0.00001253 52655.23027959 1330480.94818995 260861.13639211
0.00001266 52656.94282514 1330493.34298559 260862.94121807
0.00001280 52658.69247176 1330506.00631954 260875.57953979
0.00001294 52660.48002367 1330518.94401334 260904.30797478
0.00001308 52662.30630252 1330532.16201490 260933.65880173
0.00001322 52664.17214783 1330545.66640124 260963.64551233
0.00001336 52666.07841730 1330559.46338129 260994.28189106
0.00001350 52668.02598729 1330573.55929878 261025.58202157
0.00001365 52670.01575314 1330587.96063516 261057.56029321
0.00001380 52672.04862965 1330602.67401260 261090.23140764
0.00001394 52674.12555146 1334156.73077002 261123.61038566
0.00001409 52676.24747352 1346391.45090534 261157.71257412
0.00001425 52678.41537149 1346404.96267458 261514.99159957
0.00001440 52680.63024223 1348087.26976808 261551.10055769
0.00001455 52682.89310424 1348100.86881667 261587.99191520
0.00001471 52685.20499814 1348114.76252720 261810.04332005
0.00001487 52687.56698712 1348128.95728898 261840.29225417
0.00001503 52689.98015749 1348143.45963009 261849.63831022
0.00001519 52784.44068141 1348158.27622036 261859.18688153
0.00001536 52881.98431077 1348173.41387448 261868.94235964
0.00001552 53316.76211070 1348188.87955515 261879.65612883
0.00001569 53364.32386275 1348204.68037630 261929.30163027
0.00001586 53371.22905221 1348220.82360641 261980.02297536
0.00001603 53378.28388243 1348237.31667184 262019.30967668
0.00001620 53385.49159903 1348254.16716030 262038.11647135
0.00001637 53392.85551816 1348271.38282436 262057.33084135
0.00001655 53400.37902803 1348288.97158505 262072.11782679
0.00001673 53408.06559047 1348306.94153550 262084.77489443
0.00001691 53415.91874254 1348325.30094474 262097.70627325
0.00001709 53423.94209817 1348344.05826152 262110.91791391
0.00001728 53432.13934987 1348363.22211821 262124.41589641
0.00001746 53440.51427038 1348382.80133485 262138.20643290
0.00001765 53449.07071448 1348402.80492318 262152.29587058
0.00001784 53457.81262074 1348423.24209091 262166.69069463
0.00001803 53466.74401338 1348444.12224592 262175.61955257
0.00001823 53475.86900412 1348465.45500067 262180.32951289
0.00001842 53485.19179410 1348487.25017666 262185.14155807
0.00001862 53494.71667584 1348509.51780900 262190.05790298
0.00001882 53504.44803520 1348532.26815107 262195.08081067
0.00001902 53514.39035348 1348555.51167930 262200.21259337
0.00001923 53524.54820944 1348579.25909802 262205.45561361
0.00001944 53534.92628150 1348603.52134447 262210.81228531
0.00001964 53545.52934984 1348628.30959389 262216.28507485
0.00001986 53556.36229871 1348653.63526469 262221.87650230
0.00002007 53567.43011862 1348679.51002382 262227.58914253
0.00002029 53578.73790876 1348705.94579217 262233.42562643
0.00002050 53590.29087927 1348732.95475014 262239.38864213
0.00002073 53606.01786876 1348760.54934333 262245.48093627
0.00002095 53703.42231797 1348788.74228831 262427.65330609
0.00002117 54274.27735603 1348817.54657860 262446.22065480
0.00002140 54277.59518029 1348846.97549072 262465.19062461
0.00002163 54280.98495296 1348877.04259036 262486.32209415
0.00002187 54284.44823669 1348907.76173875 262767.59467661
0.00002210 54287.98662816 1348939.14709916 262802.62406894
0.00002234 54291.60175886 1348971.21314345 262838.41318877
0.00002258 54511.99314405 1349003.97465890 262874.97854104
0.00002282 54617.89081882 1349037.44675510 262912.33699046
0.00002307 54618.75200474 1349071.64487106 262950.50576942
0.00002332 54619.63185800 1349106.58478237 262989.50248607
0.00002357 54871.13595856 1349142.28260866 263029.34513253
0.00002382 55006.57477941 1349178.75482113 263070.05209337
0.00002408 55008.80115831 1349216.01825026 263111.64215422
0.00002434 55011.07582018 1351619.65626296 263154.13451055
0.00002460 55013.39981381 1351666.39188430 263197.54877674
0.00002486 55015.77421084 1351707.12834628 263241.90499524
0.00002513 55018.20010629 1351748.74872191 263287.22364602
0.00002540 55020.67861902 1351791.27223201 263333.52565618
0.00002568 55023.21089231 1351834.71851721 263380.83240980
0.00002595 55025.79809434 1351879.10764712 263429.16575801
0.00002623 55028.44141878 1351924.46012986 263619.20703866
0.00002652 55031.14208535 1351970.79692165 263781.11068887
0.00002680 55033.90134036 1352018.13943675 263795.59672572
0.00002709 55036.72045731 1352066.50955756 263805.08542942
0.00002738 55039.60073750 1354516.54488859 263814.78007086
0.00002768 55042.78537279 1354806.22556523 263824.68513031
0.00002797 55396.41096747 1354856.50294574 263848.89255583
0.00002828 55403.78092833 1354907.87158353 263882.42818962
0.00002858 55530.57639756 1354960.35522219 263916.69193731
0.00002889 55540.04795560 1355013.97812445 263974.12443636
0.00002920 55549.72511876 1355068.76508369 264035.33685120
0.00002951 55559.61236179 1355124.74143560 264097.87849058
0.00002983 55569.71425732 1355181.93307022 264161.77830299
0.00003015 55580.03547803 1355240.36644414 264227.06587109
0.00003048 55590.58079888 1355300.06859309 264293.77142570
0.00003080 55601.35509934 1355361.06714471 264350.70543801
0.00003114 55612.36336576 1355423.39033164 264392.20498494
0.00003147 55623.61069365 1355487.06700498 264421.80015471
0.00003181 55635.10229018 1355552.12664795 264435.46524872
0.00003215 55646.84347660 1355618.59938991 264449.42726328
0.00003250 55658.83969081 1355686.51602068 264463.69267296
0.00003285 55671.09648991 1355755.90800522 264478.26809450
0.00003320 55683.61955287 1355826.80749861 264493.16029001
0.00003356 56153.00412473 1362956.27780392 264508.37617020
0.00003392 56320.59831996 1363097.66959119 264523.92279765
0.00003429 56353.79239899 1363242.13567361 264539.80739027
0.00003466 56387.70787695 1369435.92281910 264987.92256421
0.00003503 56422.36049062 1369758.31283519 265176.23795779
0.00003541 56457.76632259 1380838.10540645 265229.01107847
0.00003579 56494.87865099 1381650.66580175 265282.93152197
0.00003617 56543.25180809 1382480.87147567 265338.02433455
0.00003656 56659.93340870 1383329.10656666 265394.31511371
0.00003696 56665.16960469 1383500.35476299 265427.27263757
0.00003735 56670.51956073 1383583.51525256 265445.04700459
0.00003776 56707.31394051 1383668.48407103 265599.70879830
0.00003816 56748.17383949 1383755.30071071 265823.49970524
0.00003857 56789.92251596 1383844.00553379 265842.46189264
0.00003899 56832.57939187 1383934.63979190 265861.83667567
0.00003941 56876.16431750 1384027.24564596 265881.63307661
0.00003983 56920.69758105 1384121.86618664 265901.86031699
0.00004026 56966.19991848 1384218.54545520 265922.52782205
0.00004070 57012.69252358 1384317.32846488 265943.64522537
0.00004113 57060.19705828 1384418.26122269 265965.22237355
0.00004158 57108.73566316 1384521.39075182 265987.26933103
0.00004203 57158.33096828 1384626.76511452 266430.85863158
0.00004248 57209.00610416 1384734.43343549 266579.74998144
0.00004294 57260.78471314 1384844.44592584 266605.02285394
0.00004340 57313.69096089 1384956.85390765 266630.84575399
0.00004387 57367.74954826 1385071.70983902 266657.23071399
0.00004434 57399.61097929 1385189.06733982 266684.19003227
0.00004481 57407.76368001 1385308.98121791 266711.73627906
0.00004530 57416.09389969 1385431.50749609 266739.88230265
0.00004579 57424.60552557 1385556.70343966 266768.64123564
0.00004628 57433.30253100 1385684.62758459 266798.02650137
0.00004678 57442.18897733 1385815.33976638 266828.05182051
0.00004728 57451.26901594 1385948.90114963 266858.73121779
0.00004779 57460.54689028 1386085.37425831 266890.07902886
0.00004830 57470.02693794 1386224.82300666 266922.10990738
0.00004882 57479.71359280 1410715.80658310 266954.83883220
0.00004935 57489.61138721 1440324.74206250 267202.97186941
0.00004988 57499.72495425 1470574.73860854 267241.51331567
0.00005042 57510.05903000 1497945.79609063 267562.81516214
0.00005096 57520.61845591 1498536.01191947 267626.92493385
0.00005151 57531.40818119 1498987.06281027 267692.43465591
0.00005206 57542.43326527 1499448.01475823 267759.37515816
0.00005263 57553.69888035 1499919.08806051 267827.77796067
0.00005319 57565.21031394 1500400.50804439 267887.64340054
0.00005377 57576.97297155 1500892.50518759 267969.88773304
0.00005434 57590.77825774 1501395.31524179 268080.65192729
0.00005493 57604.95425498 1501909.17935930 268436.61083763
0.00005552 57619.43987162 1502434.34422306 268752.46435023
0.00005612 57634.24192898 1502971.06218000 268970.49522759
0.00005672 57649.36740119 1503519.59137793 269034.31410079
0.00005733 57664.82341880 1504080.19590595 269099.52877800
0.00005795 57681.06715848 1504653.14593869 269166.17009391
0.00005858 57836.20726580 1505238.71788418 269429.32800284
0.00005921 58072.67281566 1505837.19453580 269461.39985569
0.00005984 58213.24544741 1506448.86522817 269532.76461447
0.00006049 58242.94328895 1507074.02599725 269815.17883755
0.00006114 58273.29183986 1507712.97974466 270086.32400777
0.00006180 58304.57349981 1508366.03640652 270216.02864599
0.00006246 58338.69416622 1509033.51312667 270336.89725135
0.00006314 58373.56305343 1509715.73443475 270508.42341216
0.00006382 58473.83420088 1514458.98062139 270646.56951951
0.00006450 58546.50462926 1525284.21036286 270706.95086148
0.00006520 58711.08630431 1525717.07217279 271140.57111677
0.00006590 58832.31535722 1526159.48755193 271221.30651699
0.00006661 58633.55777160 1526611.67135147 271279.08154770
0.00006733 58666.94840212 1527073.84342904 271688.87351808
0.00006805 58701.07250332 1527546.22877287 271741.59020384
0.00006878 58735.94641553 1528029.05762945 271795.46335085
0.00006952 58771.58685296 1528522.56563462 272470.24782225
0.00007027 58808.01091269 1546412.81212538 272642.24072389
0.00007103 58845.23608386 1547157.04889915 272818.01540569
0.00007179 58883.28025713 1547685.99461195 273373.64566671
0.00007257 58922.16173435 1548226.65465808 273755.35236588
0.00007335 58961.89923854 1548779.29422242 273998.47006153
0.00007414 59002.51192405 1549344.18474352 274061.72779520
0.00007494 59044.01938707 1549921.60407177 274254.04503200
0.00007574 59086.44167637 1550511.83663218 274339.56978473
0.00007656 59456.81983198 1551115.17359162 274426.97741857
0.00007738 59641.52443692 1551731.91303082 274516.31006531
0.00007822 59688.66429233 1552362.36012138 274742.20454699
0.00007906 59736.84534943 1553006.82730768 275622.73682033
0.00007991 59788.54971588 1553665.63449416 275904.18295243
0.00008077 59903.88301153 1554339.10923788 276054.41366548
0.00008164 59940.21571782 1555027.58694673 276207.97053135
0.00008252 59977.35063794 1555731.41108334 276364.92878932
0.00008341 60139.49264006 1556450.93337503 276498.33071765
0.00008431 60373.13957796 1566467.16226561 276617.75849618
0.00008522 60612.23385889 1567619.59182851 276739.83250932
0.00008613 60856.62910854 1568163.58991874 276864.61271318
0.00008706 61106.44546685 1568719.64630495 277224.95419212
0.00008800 61232.99992860 1597301.16545019 277631.79086507
0.00008895 61291.41714568 1600023.51639079 278039.51922522
0.00008990 61351.13027063 1601673.98970812 278190.51434589
0.00009087 61412.16872020 1602771.85698213 278344.86187147
0.00009185 61474.56260736 1602462.06982378 278502.63803597
0.00009284 61538.34275886 1604272.41466260 278663.92088447
0.00009384 61603.54073345 1606122.48972757 278828.79031929
0.00009485 61670.18884048 1607364.76807806 278997.32814766
0.00009587 61738.32015910 1608414.44478436 279169.61813060
0.00009690 61807.96855794 1609487.64823798 279308.83750620
0.00009795 61879.16871540 1610584.92285067 279421.91434124
0.00009900 61951.95614049 1611706.82635402 279537.50526702
0.00010007 62026.36719426 1612853.93015461 279655.66762497
0.00010114 62102.43911185 1614026.81969981 279793.72998417
0.00010223 62180.21002515 1615226.09485449 279964.41013922
0.00010333 62259.71898614 1616452.37028899 280273.55044016
0.00010445 62341.00599091 1617706.27587879 280785.18548372
0.00010557 62426.34955843 1618988.45711619 280931.67701603
0.00010671 62520.55707917 1620299.57553447 281047.81730217
0.00010786 62616.87347819 1621640.30914491 281180.35909527
0.00010902 63056.44291703 1623011.35288712 281390.24748772
0.00011019 63537.93537809 1624413.41909305 281649.99588599
0.00011138 64030.14888574 1625847.23796531 281915.58339262
0.00011258 64533.32807874 1627313.55807011 282335.16078794
0.00011379 65047.72340066 1628813.14684534 282478.19181380
0.00011502 65307.18619065 1637074.68070174 282624.43128918
0.00011626 65383.10279220 1654606.21632102 282773.95364153
0.00011751 65460.72841578 1672525.99860732 283002.15608006
0.00011877 65540.10291737 1690842.69774619 283245.15239865
0.00012005 65621.26714002 1709565.17368046 283493.66185557
0.00012134 65704.26294056 1723445.96251990 283989.04071334
0.00012265 65789.13321719 1725609.97338062 284263.83930133
0.00012397 65875.92193775 1727823.53181224 284717.70475798
0.00012531 65964.67416898 1730087.82697836 284917.76370196
0.00012666 66057.95755737 1731984.83278548 285295.69019663
0.00012802 66160.74762729 1733849.03374306 285600.58722134
0.00012940 66265.87002227 1735756.55978688 286110.30399552
0.00013079 66673.23570032 1737708.48240700 286438.64365167
0.00013220 67964.96249869 1739705.90237855 286774.50148894
0.00013362 68018.18191448 1755123.49110705 287189.87859138
0.00013506 68073.63997679 1781609.17685899 288014.50782966
0.00013652 68197.32655800 1807218.11255800 288539.11567514
0.00013799 68795.20584885 1809806.36856689 289083.61226273
0.00013947 69406.75980392 1811928.00716274 289603.12125722
0.00014098 70032.31373896 1822820.14732037 290238.28575348
0.00014249 70672.20103830 1849061.92218099 290653.55845224
0.00014403 71326.76335026 1851926.92697537 291104.63343394
0.00014558 71497.18266470 1888633.45523114 291482.83334861
0.00014715 71651.90756012 1925920.76745742 292002.57291328
0.00014873 71810.18213620 1928621.72605856 292494.30041865
0.00015033 71972.09189209 1930841.47382883 292798.08991913
0.00015195 72137.72454612 1933112.99723888 293221.11490452
0.00015359 72307.17009896 1935437.58320782 294111.27213055
0.00015524 72480.52089853 1937816.55397379 294851.81996671
0.00015691 72658.19155912 1940251.26819516 295677.40178336
0.00015860 69903.97215375 1943946.38780325 296196.92177689
0.00016031 69434.45084406 1962822.00655466 296632.57828554
0.00016204 69874.45170988 1991939.26535678 297449.10581481
0.00016378 70324.69711913 2017426.82905307 298566.33332322
0.00016555 70785.43819811 2021816.76766828 299365.24923889
0.00016733 71256.93258707 2026298.27555053 300075.32509604
0.00016913 71739.44460803 2030670.66483545 300799.37371871
0.00017095 72233.24543560 2034155.00269605 301483.10195161
0.00017279 72738.61327034 2037723.23940202 301963.83228657
0.00017465 73255.83351458 2041377.57704333 303113.45513691
0.00017653 73785.19895052 2045120.28322068 304118.40779829
0.00017843 74327.00992017 2062447.50614485 305081.33171130
0.00018036 74870.96482267 2080328.55050912 306288.98680560
0.00018230 74987.85766193 2103109.12003389 307527.22580116
0.00018426 75107.51571108 2109680.60930625 307943.24970507
0.00018624 75230.00935873 2115606.57867931 309420.38496688
0.00018825 75572.98825109 2121599.48713130 310404.89275180
0.00019028 76796.22600462 2127409.50390145 311417.25971135
0.00019233 77080.80277023 2115934.80403301 313254.03533718
0.00019440 77372.12927501 2119426.62198887 314617.26342595
0.00019649 77670.37613322 2125568.51021562 315946.94131953
0.00019861 77982.42310526 2131860.59473466 318212.12102131
0.00020075 78655.45512526 2138306.83269522 319492.03910836
0.00020291 78819.42954799 2144911.29265372 321047.28860416
0.00020509 79067.06925802 2151678.15757084 322091.45556904
0.00020730 79608.98869634 2158611.72784191 323786.69459975
0.00020953 80165.26265631 2165716.42435394 325499.67063878
0.00021179 80737.10549494 2172996.79156136 326456.59475784
0.00021407 81327.52198718 2180457.50057139 328514.50697129
0.00021637 81506.37186234 2193922.41238899 329740.66845581
0.00021870 81944.72009772 2222181.74472843 331057.87838212
0.00022106 82063.48131687 2238410.66547606 332150.72684305
0.00022344 82185.03251386 2264512.92635692 333057.27143479
0.00022585 82311.63301414 2288241.16884505 334185.58014068
0.00022828 82611.22842831 2267568.64248404 335326.70885849
0.00023074 83023.08148675 2269857.89481736 337079.67699584
0.00023322 83444.96646640 2275082.27560543 338139.82258832
0.00023573 83879.91840230 2279993.07517411 339025.42550192
0.00023827 84336.83174274 2282962.43239669 340044.59602834
0.00024084 84804.91931254 2310353.96374908 341156.47776752
0.00024343 85284.47001249 2322373.32056936 342300.81909516
0.00024605 85873.96316273 2334711.75893329 344409.64081993
0.00024870 86265.58005186 2361298.94682894 346279.44749333
0.00025138 86769.15314961 2389661.99708070 347762.03342743
0.00025409 87295.97366927 2370998.99999379 349057.28797629
0.00025682 87931.40476054 2384346.60213029 350543.50947277
0.00025959 88475.29491508 2397986.53775525 352359.24916198
0.00026238 88888.46505260 2410627.63162536 354051.20574158
0.00026521 89098.64746861 2388321.85692092 355347.09417311
0.00026806 89314.04073765 2402864.03847733 357138.07214576
0.00027095 89534.78687115 2420534.35369850 359611.96087861
0.00027387 89761.03221764 2443204.78974283 361486.79112167
0.00027682 90150.87813573 2457772.10046222 363348.03745564
0.00027980 90603.13254100 2485446.61048250 365061.97489998
0.00028281 91393.55737823 2504005.60411458 367160.17102992
0.00028586 92124.76556875 2520777.69369400 369243.50089211
0.00028893 92535.49256131 2535690.87119625 371646.99648891
0.00029205 92960.72434549 2548639.78593465 374128.66097067
0.00029519 93396.82126000 2559523.68076881 375907.59587312
0.00029837 94017.00046023 2567332.21023038 379374.13425254
0.00030158 94874.31847371 2580432.55500178 380749.57911036
0.00030483 95751.94372684 2565044.51447274 382772.53902165
0.00030811 96652.52163827 2578332.63560173 385623.81622545
0.00031143 97371.94401005 2577507.19991924 388067.40066969
0.00031478 98027.61203828 2574166.04861105 390522.97598591
0.00031817 98699.46224231 2567911.01927471 392073.06448905
0.00032160 99387.84722767 2558974.51145495 393857.07794433
0.00032506 100093.11864599 2547367.42454153 396780.28293474
0.00032856 100808.88701943 2571826.44828858 400144.38012905
0.00033210 101535.83530510 2595833.21730524 403714.48423330
0.00033568 102285.20676792 2576967.92113647 406902.27696299
0.00033929 102836.13435406 2579765.65945176 409324.44029103
0.00034294 103434.23656622 2527800.01667192 411915.89327959
0.00034664 103985.51299018 2490427.72783308 415205.69305531
0.00035037 104693.53701915 2503065.00374133 417622.26906932
0.00035414 105238.01662937 2495970.57382494 421277.33335461
0.00035796 105796.86478537 2497268.38414035 425676.75307163
0.00036181 106282.04357249 2463059.71883680 429299.96457693
0.00036571 106893.92876564 2461987.47889884 433086.71608589
0.00036965 107520.60160079 2480756.39358929 436704.48191073
0.00037363 108162.34684636 2502785.56325792 441522.00565314
0.00037765 108800.78476134 2541054.84423548 446521.01510655
0.00038172 109464.14571037 2566799.73893693 450385.89813357
0.00038583 110197.74949981 2590066.35559666 453759.78846037
0.00038998 110901.36927478 2614032.35674278 457590.01674229
0.00039418 112156.90086757 2638235.68773361 461554.15447227
0.00039842 112246.87261017 2662712.85795530 464891.79995885
0.00040272 112991.31760012 2681635.03129026 468335.86110319
0.00040705 113880.81751863 2677861.94786085 472800.73147623
0.00041143 114538.81298287 2703294.62687050 477295.73970630
0.00041587 115342.68342576 2718423.79009005 481513.98694413
0.00042034 116171.58711498 2711274.97994087 486119.62638316
0.00042487 117131.84190841 2742589.77959133 490705.53876116
0.00042944 117987.62089758 2753171.26171015 495589.87403647
0.00043407 118861.63851256 2773855.77847893 500337.05369288
0.00043874 119803.63182715 2800836.89498337 505221.76326759
0.00044347 120657.28859798 2822743.21101834 510425.93214957
0.00044824 121580.62937209 2814431.21145987 514361.96187537
0.00045307 122532.64918438 2859446.98123198 519310.76003331
0.00045795 124008.84802235 2853400.34690486 522948.13079944
0.00046288 125266.59784934 2884228.01511152 529111.52439224
0.00046786 126126.76063546 2910233.54126247 535281.39327690
0.00047290 126652.48829634 2855226.92113888 540041.19089734
0.00047799 127737.99648831 2867529.73073791 545381.27473046
0.00048314 128743.17595714 2913462.82042105 551786.06913825
0.00048834 129666.31666314 2935748.78908386 557459.10116825
0.00049360 130615.42800410 2956471.82578152 563395.44970513
0.00049892 131591.22138659 2982830.08427181 569586.31634366
0.00050429 132621.95657995 3008252.86571032 575166.69069134
0.00050972 133675.45168918 2991577.20139116 580596.75901406
0.00051521 134730.14978337 3047579.13931207 586351.77387135
0.00052076 135783.14359612 3033910.98837353 590776.13922854
0.00052637 136895.66975821 3047529.98791587 594614.25295806
0.00053203 138046.71021410 3056028.93438051 597893.88397816
0.00053776 139229.45891961 3058084.46112265 603405.39549827
0.00054355 140612.28450865 2986319.12106427 606270.07935574
0.00054941 141692.79287687 3020371.39940466 607739.75731259
0.00055532 139998.61543589 3025177.08237842 606211.76010640
0.00056130 136441.73374796 3019821.18570476 608534.08308118
0.00056735 138219.41672833 3002817.33947733 612251.34434773
0.00057346 138561.05072039 2974153.53621567 615064.99185371
0.00057963 139968.06090993 3008429.83923364 612841.13246286
0.00058587 139623.00741010 2974309.65668049 615241.81383317
0.00059218 139588.22396952 2997519.08695903 615981.36526042
0.00059856 138398.17738349 3006423.26529089 613018.23573453
0.00060500 139678.88969636 3026687.75709584 611316.29161377
0.00061152 136751.62466017 3054941.24666213 606660.76815322
0.00061810 136089.54604755 3075030.83675596 605016.69312663
0.00062476 134670.00905512 3022857.04929076 603897.42506230
0.00063149 132347.77972909 2991498.35638020 598397.66723738
0.00063829 130586.63834917 2975084.34701361 595096.48890776
0.00064516 129547.92452955 3019129.17716492 592753.74503394
0.00065211 127451.00383676 3002812.75532163 589191.67922175
0.00065913 125474.30473134 2937924.06615572 587108.23393653
0.00066623 123964.31470783 2929282.79644061 583834.53468048
0.00067340 122298.46850042 2859951.68581802 578671.05287288
0.00068065 120037.11973046 2837759.06088986 570426.39547510
0.00068798 115778.69431191 2781286.65501763 563112.34885971
0.00069539 111413.00035666 2754985.18699752 557396.49831014
0.00070288 107171.01101145 2753060.29343097 552081.85821339
0.00071045 103424.10040066 2741651.64827840 542397.60981516
0.00071810 103489.93493755 2723259.74625281 532528.78644920
0.00072583 100844.69148276 2671742.10964632 523497.88823605
0.00073365 98059.16437363 2658610.76296337 515302.93283055
0.00074155 94730.91023321 2581268.24578521 510497.93628552
0.00074953 91429.95300682 2499231.57354558 500587.88339360
0.00075760 88165.63500760 2467961.11566736 493397.38404771
0.00076576 84946.41283647 2346342.69025345 481075.33759191
0.00077401 81779.84594393 2300346.27779678 472351.30457102
0.00078234 78672.60032582 2250414.03995667 461133.84552303
0.00079077 75630.46537900 2179267.49742339 450869.22650596
0.00079928 72658.38186210 2100444.52521880 438858.84402255
0.00080789 69775.31284287 2046758.91590629 423682.74254567
0.00081659 66951.58359744 2007272.36940487 412670.16352580
0.00082538 64208.89463309 1937344.14501098 398523.57019875
0.00083427 61549.09408485 1854306.88717769 384242.36745725
0.00084325 58973.43396709 1782517.02708933 371971.61298055
0.00085233 56482.62476593 1726657.09492621 357821.76810916
0.00086151 54076.88967950 1673566.58318308 344007.86171516
0.00087079 51816.61233726 1620512.80553855 329874.34264784
0.00088016 49654.45696752 1527377.20993903 316244.63411466
0.00088964 47602.08639099 1480558.68190498 301529.23629322
0.00089922 45640.12518031 1436492.98909390 287960.49753119
0.00090890 43717.65478568 1359100.76955421 275317.15252090
0.00091869 41854.65383320 1312323.98500000 262784.53559355
0.00092858 40098.60568235 1251016.43012380 249890.52626521
0.00093858 38221.29678042 1176954.74665485 238969.31531411
0.00094869 36486.72864315 1121576.05854527 227641.01982269
0.00095891 34812.19710946 1055194.65439110 216586.83434638
0.00096923 33246.96687588 1007819.26417163 205728.34858619
0.00097967 31774.71157711 963292.20547697 194996.82545062
0.00099022 30119.45122732 917085.49712121 184858.89173374
0.00100088 28675.81419491 871441.28553942 175259.83325427
0.00101166 27377.66246631 827339.57955441 166182.92646526
0.00102255 26136.92305969 781058.15179805 157578.02347380
0.00103356 24951.40077867 732734.81080010 149333.67169579
0.00104469 23818.93147215 689307.34708287 141477.08196874
0.00105594 22737.38968697 648267.50264127 134052.60605141
0.00106731 21704.69497481 609526.69734387 126426.96241924
0.00107881 20718.81700001 572506.87564386 119149.91479166
0.00109042 19777.77958468 535530.54833645 112218.30394923
0.00110217 18880.98465803 500657.94717422 105942.95257449
0.00111403 18027.68745612 466550.31178016 99856.54108772
0.00112603 17213.34919745 434739.05857521 94342.75256519
0.00113816 16436.24296593 404775.43805968 89839.45758759
0.00115041 15694.70581907 376640.34910367 84835.64318120
0.00116280 14987.13840827 350543.52261963 80224.58432400
0.00117532 14312.00426556 328179.14165379 75989.71000058
0.00118798 13663.50509688 305160.93490277 71904.01175759
0.00120077 13004.47310675 283871.25823602 68237.78510612
0.00121370 12378.24404019 264456.47278415 64226.09838375
0.00122677 11786.69900049 247766.81265884 60600.22673039
0.00123998 11213.12803524 232153.33722901 57523.30589531
0.00125333 10672.81907655 217546.78386927 54398.86489251
0.00126683 10162.38297765 203881.95045382 51746.80829590
0.00128047 9677.26842285 191086.22478222 49100.69895729
0.00129426 9224.34541340 179105.26565695 46592.57804548
0.00130819 8830.89578984 167896.71460827 43837.65803652
0.00132228 8454.34309853 157409.94032388 41474.87588393
0.00133652 8093.95588141 147597.55729694 39175.83847390
0.00135091 7749.03442970 137942.06343349 37210.00935744
0.00136546 7317.61949234 128647.38290637 35166.67435874
0.00138016 6908.69799443 121825.56990119 33233.57439967
0.00139502 6552.17271836 114866.03722906 31472.34423931
0.00141005 6249.43027194 108811.34086733 29869.49335369
0.00142523 5954.81841036 101979.04184602 28300.73162372
0.00144058 5674.66653697 95592.31230758 26796.71104308
0.00145609 5362.44042005 89587.61173130 25403.09587036
0.00147177 5046.61879409 84806.76844025 24204.44684853
0.00148762 4779.56357469 79951.17994928 22850.63228314
0.00150364 4567.76722541 75216.11561419 21623.64712972
0.00151983 4366.42272136 70373.17165449 20431.28002273
0.00153619 4174.16626067 66240.09824740 19353.63983893
0.00155274 3986.63448542 62682.69443017 18317.94968226
0.00156946 3772.22113448 59309.89942093 17395.12911742
0.00158636 3581.83162666 56146.54918342 16527.81315904
0.00160344 3393.80931771 52724.09348488 15667.34128499
0.00162071 3244.28209571 50123.60627513 14847.89577644
0.00163816 3086.06778863 47649.21371019 14105.92798426
0.00165580 2951.78424186 44888.61778722 13368.71194160
0.00167363 2823.45126860 42493.84759146 12746.34690945
0.00169165 2700.79842418 39886.71941711 12111.42763816
0.00170987 2583.84075226 37700.67686999 11490.65808516
0.00172828 2473.02968151 35756.91280512 10930.57366735
0.00174689 2363.81709946 34018.39961121 10398.09637602
0.00176570 2252.40410464 32235.46099814 9897.44187438
0.00178471 2136.27338596 30628.13405816 9371.62588199
0.00180393 2026.90279790 29156.42684043 8929.95704370
0.00182336 1923.01276191 27642.29618734 8475.75358244
0.00184299 1828.15869599 26392.86509617 8039.77962840
0.00186284 1750.76131184 25104.01189048 7645.16506128
0.00188290 1676.65354639 23821.86876805 7269.55825761
0.00190317 1593.65070831 22607.77419433 6898.71345796
0.00192367 1509.50061620 21519.16276585 6538.07102085
0.00194438 1423.76127982 20405.36221485 6184.46324133
0.00196532 1342.11827951 19379.83748298 5871.08970728
0.00198648 1279.66861375 18384.17506990 5575.70430722
0.00200787 1216.64486626 17565.98934194 5300.51357300
0.00202949 1145.76302682 16572.78174034 5044.74834919
0.00205135 1086.54304428 15784.59481896 4805.65169227
0.00207344 1032.36990196 15004.06282717 4556.38299036
0.00209576 981.11294872 14303.20298773 4314.32307717
0.00211833 932.42899149 13633.66505016 4078.49011202
0.00214114 886.16785584 12959.18268349 3880.72882034
0.00216420 842.30638709 12393.13213857 3684.54422720
0.00218750 801.64485964 11819.06062682 3489.47524643
0.00221106 766.35318762 11272.33144227 3307.80715884
0.00223487 732.65020706 10704.24603258 3144.13259196
0.00225893 700.46216926 10222.50895490 2994.28467072
0.00228326 664.42857333 9760.08148314 2851.60707471
0.00230784 624.17169522 9179.15398651 2707.22135358
0.00233270 592.31674758 8741.95393450 2582.70367584
0.00235781 562.96647479 8368.99999743 2461.86105803
0.00238320 536.17297687 7993.38862592 2337.65276984
0.00240887 508.28167826 7633.15162901 2227.33059743
0.00243481 481.67545673 7311.00780635 2111.67514863
0.00246102 454.48808926 6983.50049353 2010.24719594
0.00248753 428.70033755 6629.73073343 1915.91909057
0.00251431 404.63085422 6319.82617295 1824.48717479
0.00254139 382.18131411 6045.79210618 1739.53766500
0.00256875 360.75525815 5783.79538753 1658.69677109
0.00259641 340.56883904 5505.11990777 1579.64305407
0.00262437 323.33913486 5254.13242044 1504.69829973
0.00265263 309.58228000 5031.66588544 1422.97657897
0.00268120 295.29474908 4818.65080148 1355.24270232
0.00271007 280.27526033 4614.68314197 1289.31723883
0.00273925 268.30487788 4419.18929843 1227.44463430
0.00276875 256.26314198 4231.93441126 1165.43358948
0.00279856 243.17880449 4041.59012616 1112.81472798
0.00282870 230.34621267 3859.31270169 1061.01939340
0.00285916 219.51296096 3685.49210336 1010.13616941
0.00288995 208.06857294 3524.98803401 962.88747459
0.00292107 198.68132133 3375.43153257 918.50474015
0.00295252 189.37885630 3227.08031328 873.94674625
0.00298431 178.26243026 3089.93702946 830.67218826
0.00301645 167.65549040 2958.65058080 789.86236889
0.00304893 158.47431971 2832.96866745 751.63666844
0.00308176 148.79109132 2712.65000871 716.20688360
0.00311495 139.71120565 2597.32047985 683.09793930
0.00314849 131.16634620 2483.06920493 651.34665496
0.00318239 123.35551509 2372.85080778 617.96696634
0.00321666 116.00212681 2267.67350217 587.12623734
0.00325130 110.85983797 2171.70835291 559.11159860
0.00328631 106.03777892 2079.81218566 534.41779972
0.00332170 101.19304949 1991.71412307 510.05902717
0.00335747 95.10330706 1906.98943240 484.53064843
0.00339362 89.29466038 1825.88111081 460.28694319
0.00343017 84.76143759 1748.23367968 437.36264635
0.00346710 80.13322730 1673.89842565 416.90749416
0.00350444 75.66408320 1602.73310082 396.52331678
0.00354217 71.45342207 1534.60163649 379.28240046
0.00358032 67.48230973 1469.37387004 359.53756909
0.00361887 63.73687543 1406.60837999 342.57804769
0.00365784 60.48955339 1344.22664449 326.78652383
0.00369723 57.74005509 1284.66882043 311.71823034
0.00373704 55.11853577 1227.80351321 297.29520593
0.00377728 52.17357077 1173.50565655 283.46971434
0.00381796 49.37467279 1121.65619501 270.60853126
0.00385907 46.73044790 1072.14178314 258.26421406
0.00390062 43.99728074 1024.83288655 246.28990122
0.00394263 41.31859914 979.63863698 234.72967012
0.00398508 38.89917753 936.47422649 224.25700145
0.00402799 36.72158606 895.24617618 213.74826120
0.00407137 34.75444864 855.86545201 204.26347217
0.00411521 32.81804221 818.24724516 194.46924929
0.00415952 31.04201032 782.31076372 185.88352846
0.00420432 29.35897376 747.97903511 177.92264636
0.00424959 27.59135507 715.17871864 169.49567059
0.00429535 25.92256198 684.43102450 161.97381663
0.00434160 24.43751214 655.14970578 154.31813781
0.00438835 23.01599109 627.12711144 147.38387507
0.00443561 21.63037297 600.30862904 139.98263878
0.00448337 20.40787640 574.64205028 133.86133829
0.00453165 19.16811982 550.07746291 127.66896496
0.00458045 17.98373557 526.56714764 121.45594996
0.00462977 16.87737462 504.06547981 115.97020655
0.00467963 15.86180134 482.52883563 110.41889193
0.00473002 14.90772517 461.91550266 105.51563681
0.00478095 14.11693235 442.18832007 100.42748824
0.00483243 13.41743603 423.36629890 95.42224118
0.00488447 12.75418352 405.34283825 90.99095444
0.00493707 12.12568692 388.08405388 87.04620525
0.00499023 11.53071889 371.55750361 83.01044483
0.00504397 10.96600587 355.73212568 79.41842755
0.00509828 10.42995349 340.57817961 75.71471755
0.00515318 9.92105419 326.06718967 72.17138897
0.00520867 9.43194952 312.17189085 68.99020393
0.00526476 8.90337044 298.86617705 65.83657156
0.00532145 8.40365105 286.12505160 62.72356682
0.00537875 7.93126675 273.81444747 59.88855996
0.00543667 7.48477027 261.98778644 57.23271563
0.00549522 7.06210810 250.81244762 54.47698725
0.00555439 6.63535609 240.11512213 52.04505685
0.00561420 6.28721737 229.87417095 49.63428625
0.00567466 5.93121844 220.07004393 47.39109586
0.00573576 5.62855608 210.68403515 45.33410648
0.00579753 5.36856365 201.69824601 43.41264895
0.00585996 5.12094511 193.09554995 41.38582049
0.00592306 4.88509076 184.85955875 39.57059823
0.00598684 4.66042211 176.97459031 37.84665166
0.00605131 4.44639016 169.42563787 36.15167482
0.00611647 4.22474561 162.19834063 34.58406312
0.00618233 3.96768297 155.27895560 32.94725853
0.00624891 3.73567193 148.65433076 31.52163716
0.00631620 3.55000710 142.31187935 30.15676962
0.00638421 3.37391878 136.22517936 28.85147419
0.00645296 3.20842123 130.39091585 27.54120875
0.00652244 3.05133923 124.80457102 26.33763265
0.00659268 2.90222894 119.46645588 25.16534165
0.00666367 2.76304744 114.37141760 24.08028742
0.00673543 2.64568369 109.42890354 23.03950234
0.00680795 2.53332596 104.73373205 22.05313695
0.00688126 2.42575925 100.23823003 21.07183579
0.00695536 2.32277789 95.94627407 20.13323387
0.00703026 2.19343622 91.85681340 19.24633010
0.00710596 2.05915507 87.94035065 18.39909962
0.00718248 1.94773918 84.18959809 17.55953362
0.00725983 1.85377358 80.59757438 16.80245267
0.00733800 1.76467946 77.15759167 16.06452377
0.00741702 1.68001708 73.86324327 15.35421529
0.00749689 1.60100435 70.70839184 14.68660807
0.00757761 1.52904987 67.68715810 14.04908777
0.00765921 1.46040768 64.79390997 13.41643623
0.00774169 1.37444178 62.02325221 12.81943713
0.00782505 1.29147347 59.37001642 12.25429227
0.00790931 1.23549104 56.82925159 11.72284398
0.00799448 1.16559872 54.39621490 11.20294142
0.00808057 1.09246391 52.06636301 10.71097086
0.00816758 1.02389469 49.83534369 10.24105946
0.00825553 0.95960730 47.69898775 9.78661077
0.00834443 0.89933552 45.65330138 9.34649248
0.00843429 0.84282963 43.69445880 8.93704212
0.00852511 0.78985537 41.81879517 8.54816002
0.00861691 0.74023693 40.02279982 8.17866382
0.00870970 0.69393678 38.30310982 7.82781349
0.00880349 0.65721993 36.65602906 7.48845968
0.00889828 0.62559050 35.07844437 7.16361568
0.00899410 0.59553338 33.56805542 6.85286794
0.00909095 0.56284215 32.12201571 6.55408411
0.00918885 0.52879946 30.73759912 6.26120375
0.00928780 0.49682832 29.41219478 5.98932661
0.00938781 0.46680218 28.14330224 5.72583592
0.00948890 0.43860224 26.92852676 5.47920908
0.00959108 0.41211698 25.76557484 5.23808148
0.00969436 0.38724169 24.65224998 5.01259999
0.00979875 0.36387808 23.58644850 4.78657413
0.00990426 0.34193387 22.56615572 4.58072797
0.01001091 0.32132242 21.58944209 4.37990697
0.01011871 0.30196240 20.65445966 4.19127061
0.01022767 0.28377747 19.75943861 4.00820782
0.01033781 0.26669592 18.90268394 3.83247664
0.01044913 0.25055462 18.08257232 3.66445157
0.01056165 0.23538593 17.29754905 3.50379188
0.01067538 0.22117148 16.54612517 3.35017212
0.01079033 0.20782129 15.82687467 3.20162777
0.01090653 0.19528257 15.13843185 3.06472711
0.01102397 0.18350575 14.48083839 2.93190831
0.01114268 0.17421838 13.84879265 2.80669605
0.01126267 0.16420733 13.24514393 2.68687059
0.01138394 0.15441927 12.66739364 2.57212620
0.01150653 0.14522066 12.11444139 2.46224808
0.01163043 0.13657572 11.58565217 2.35658050
0.01175567 0.12845087 11.07997372 2.25606114
0.01188226 0.12081457 10.59506237 2.15979438
0.01201021 0.11363721 10.13099248 2.06647503
0.01213954 0.10689096 9.69117654 1.97595631
0.01227026 0.10054973 9.27533803 1.88856887
0.01240239 0.09445877 8.87323308 1.80381121
0.01253594 0.08876800 8.48658451 1.72487147
0.01267093 0.08372670 8.11651098 1.64835463
0.01280738 0.07876963 7.76230927 1.57517838
0.01294529 0.07411069 7.42330586 1.50610464
0.01308469 0.06973368 7.09885563 1.44092611
0.01322559 0.06561837 6.78834071 1.37717149
0.01336800 0.06175203 6.49116928 1.31719299
0.01351195 0.05812604 6.20665145 1.25986970
0.01365745 0.05506888 5.93436426 1.20477712
0.01380452 0.05225836 5.67379942 1.15270574
0.01395317 0.04959501 5.42445850 1.10148807
0.01410342 0.04707088 5.18586412 1.05224501
0.01425529 0.04467846 4.95755907 1.00523083
0.01440879 0.04241395 4.73901805 0.96206849
0.01456395 0.04027484 4.52974210 0.91851710
0.01472078 0.03824623 4.32951589 0.87812103
0.01487930 0.03632223 4.13359505 0.84074926
0.01503952 0.03434414 3.95430522 0.80315079
0.01520147 0.03233611 3.78006352 0.76842275
0.01536516 0.03044682 3.61261387 0.73549493
0.01553062 0.02882858 3.45242002 0.70383546
0.01569786 0.02745769 3.29955701 0.67253123
0.01586689 0.02575966 3.15443780 0.64108987
0.01603775 0.02411417 3.01557689 0.61178722
0.01621045 0.02257291 2.88263438 0.58517605
0.01638501 0.02119777 2.75543516 0.55997519
0.01656145 0.01995589 2.63373447 0.53604259
0.01673978 0.01878748 2.51729789 0.51190516
0.01692004 0.01768814 2.40605794 0.48955961
0.01710224 0.01665376 2.30040575 0.46854742
0.01728640 0.01568046 2.19879329 0.44874710
0.01747255 0.01476458 2.09984278 0.42919272
0.01766070 0.01390272 2.00630142 0.40963199
0.01785087 0.01309670 1.91603514 0.39109288
0.01804309 0.01233810 1.83133859 0.37416711
0.01823738 0.01162392 1.75035720 0.35727031
0.01843377 0.01095151 1.67229688 0.34114045
0.01863227 0.01033952 1.59763537 0.32516896
0.01883290 0.00971810 1.52622721 0.31085709
0.01903570 0.00915477 1.45793307 0.29723667
0.01924068 0.00871199 1.39261954 0.28420273
0.01944787 0.00831646 1.33015886 0.27142237
0.01965729 0.00793837 1.27042869 0.25943722
0.01986896 0.00757697 1.21331189 0.24759130
0.02008292 0.00723154 1.15869629 0.23616453
0.02029918 0.00689200 1.10647445 0.22551615
0.02051776 0.00655587 1.05654353 0.21556566
0.02073870 0.00625410 1.00880504 0.20606422
0.02096202 0.00596587 0.96316466 0.19666783
0.02118775 0.00569057 0.91953211 0.18805061
0.02141590 0.00542842 0.87782091 0.17977642
0.02164651 0.00517897 0.83794827 0.17136414
0.02187961 0.00494065 0.79983493 0.16323431
0.02211521 0.00466894 0.76337491 0.15566533
0.02235335 0.00436820 0.72852213 0.14869488
0.02259406 0.00408352 0.69521317 0.14218610
0.02283736 0.00381722 0.66338124 0.13593687
0.02308328 0.00356655 0.63296244 0.12979489
0.02333184 0.00333194 0.60389557 0.12404566
0.02358308 0.00311259 0.57612203 0.11847062
0.02383703 0.00290752 0.54958573 0.11327739
0.02409372 0.00271580 0.52424682 0.10831908
0.02435316 0.00253658 0.50005464 0.10365587
0.02461540 0.00236906 0.47694305 0.09909000
0.02488047 0.00221247 0.45486505 0.09442378
0.02514839 0.00206611 0.43377567 0.09024490
0.02541919 0.00192932 0.41363185 0.08631842
0.02569291 0.00180317 0.39439237 0.08246960
0.02596958 0.00171326 0.37601779 0.07890638
0.02624922 0.00162793 0.35847032 0.07549517
0.02653188 0.00154711 0.34171382 0.07206338
0.02681758 0.00147096 0.32571369 0.06870101
0.02710636 0.00137173 0.31043679 0.06554577
0.02739825 0.00127828 0.29585142 0.06255299
0.02769328 0.00121850 0.28192725 0.05960212
0.02799149 0.00114925 0.26861488 0.05685068
0.02829291 0.00108524 0.25590758 0.05426847
0.02859757 0.00102407 0.24377976 0.05181329
0.02890552 0.00095705 0.23220585 0.04939794
0.02921678 0.00089438 0.22116138 0.04706277
0.02953139 0.00083753 0.21062294 0.04485117
0.02984939 0.00078518 0.20056813 0.04283962
0.03017082 0.00073244 0.19089741 0.04086339
0.03049571 0.00068492 0.18139745 0.03890642
0.03082409 0.00064547 0.17235156 0.03711659
0.03115601 0.00060556 0.16373892 0.03548154
0.03149151 0.00056768 0.15553964 0.03387471
0.03183061 0.00053626 0.14773469 0.03221562
0.03217337 0.00050663 0.14030590 0.03074574
0.03251982 0.00048041 0.13323590 0.02920314
0.03287001 0.00045613 0.12650807 0.02773600
0.03322396 0.00042997 0.12026991 0.02644705
0.03358172 0.00040361 0.11440584 0.02519707
0.03394334 0.00038123 0.10881656 0.02403170
0.03430885 0.00035846 0.10348968 0.02290129
0.03467829 0.00033361 0.09841337 0.02181403
0.03505172 0.00031436 0.09357628 0.02078174
0.03542916 0.00029630 0.08896760 0.01977135
0.03581067 0.00027928 0.08476931 0.01884201
0.03619629 0.00026180 0.08078606 0.01793758
0.03658606 0.00024432 0.07698342 0.01708382
0.03698003 0.00023042 0.07335345 0.01625966
0.03737824 0.00021777 0.06988856 0.01547248
0.03778073 0.00020487 0.06658147 0.01473585
0.03818757 0.00019213 0.06342525 0.01405868
0.03859878 0.00018082 0.06026122 0.01339679
0.03901442 0.00017178 0.05724490 0.01277493
0.03943454 0.00016059 0.05437359 0.01221182
0.03985918 0.00015014 0.05163720 0.01161077
0.04028839 0.00014036 0.04902918 0.01107133
0.04072223 0.00013182 0.04654769 0.01053977
0.04116073 0.00012394 0.04415830 0.01000854
0.04160396 0.00011653 0.04179475 0.00949588
0.04205196 0.00010956 0.03969375 0.00902429
0.04250479 0.00010300 0.03772025 0.00858295
0.04296249 0.00009683 0.03584098 0.00817548
0.04342512 0.00009103 0.03401849 0.00777008
0.04389273 0.00008557 0.03227475 0.00739401
0.04436538 0.00008044 0.03061580 0.00701428
0.04484312 0.00007561 0.02907610 0.00666635
0.04532600 0.00007107 0.02759910 0.00632012
0.04581408 0.00006681 0.02623077 0.00599941
0.04630741 0.00006280 0.02491079 0.00572229
0.04680606 0.00005904 0.02365460 0.00545053
0.04731008 0.00005561 0.02245857 0.00516953
0.04781953 0.00005271 0.02132053 0.00491226
0.04833446 0.00004994 0.02023788 0.00467640
0.04885494 0.00004707 0.01922545 0.00445769
0.04938102 0.00004419 0.01819909 0.00424547
0.04991277 0.00004150 0.01725632 0.00402549
0.05045024 0.00003898 0.01634442 0.00382863
0.05099350 0.00003661 0.01548380 0.00363540
0.05154261 0.00003451 0.01469448 0.00344324
0.05209763 0.00003228 0.01392204 0.00326878
0.05265863 0.00003048 0.01316315 0.00309172
0.05322567 0.00002878 0.01244429 0.00292920
0.05379882 0.00002718 0.01178599 0.00277891
0.05437814 0.00002566 0.01119763 0.00263659
0.05496369 0.00002424 0.01063748 0.00250635
0.05555556 0.00002289 0.01010424 0.00238650
