frequencies psd_low psd_hi psd_mid
0.00000125 0.00234001 642941845.28652227 219932915.88242352
0.00000127 0.00234868 642944344.39265478 219933501.99757493
0.00000129 0.00235759 642946908.86753535 219934103.44365653
0.00000130 0.00236672 642949540.42101026 219934720.62167856
0.00000132 0.00237610 642952240.80764961 219935353.94314057
0.00000134 0.00238572 642955011.82791865 219936003.83030587
0.00000135 0.00239559 642957855.32937801 219936670.71648282
0.00000137 0.00240572 642960773.20791435 219937355.04631388
0.00000139 0.00241611 642963767.40900505 219938057.27607217
0.00000141 0.00242678 642966839.92901659 219938777.87396574
0.00000142 0.00243773 642969992.81653404 219939517.32044929
0.00000144 0.00244896 642973228.17372823 219940276.10854512
0.00000146 0.00246048 642976548.15775621 219941054.74417180
0.00000148 0.00247231 642979954.98220038 219941853.74648091
0.00000150 0.00248445 642983450.91854477 219942673.64820373
0.00000152 0.00249690 642987038.29768813 219943514.99600655
0.00000154 0.00250968 642990719.51149964 219944378.35085461
0.00000156 0.00252280 642994497.01441336 219945264.28838664
0.00000158 0.00253626 642998373.32506371 219946173.39929852
0.00000160 0.00255007 643002351.02796662 219947106.28973705
0.00000162 0.00256424 643006432.77524149 219948063.58170429
0.00000164 0.00257878 643010621.28837991 219949045.91347212
0.00000166 0.00259370 643069899.88731027 219950053.94000798
0.00000169 0.00260901 643170303.46732032 219951088.33341146
0.00000171 0.00262472 643273333.30127513 219952149.78336257
0.00000173 0.00264085 643379058.08458138 219953238.99758130
0.00000175 0.00265739 643487548.30955362 219954356.70230010
0.00000177 0.00267437 643598876.31241727 219955503.64274749
0.00000180 0.00269179 643713116.32154369 219956680.58364552
0.00000182 0.00270967 643830344.50694597 219957888.30971903
0.00000184 0.00272802 643950639.03106940 219959127.62621975
0.00000187 0.00274684 644074080.10091043 219960399.35946226
0.00000189 0.00276616 644200750.02149963 219961704.35737571
0.00000192 0.00278598 644330733.25078392 219963043.49006921
0.00000194 0.00280632 644464116.45594442 219964417.65041119
0.00000197 0.00282720 644600988.57118642 219965827.75462577
0.00000199 0.00284862 644741440.85704339 219967274.74290323
0.00000202 0.00287060 644885566.96123075 219968759.58002675
0.00000205 0.00289315 645033462.98109162 219970283.25601608
0.00000207 0.00291630 645185227.52768028 219971846.78678760
0.00000210 0.00294005 645340961.79151225 219973451.21483156
0.00000213 0.00296442 645500769.61004627 219975097.60990736
0.00000215 0.00298943 645664757.53692615 219976787.06975693
0.00000218 0.00301509 645833034.91302967 219978520.72083664
0.00000221 0.00304142 646005713.93938744 219980299.71906811
0.00000224 0.00306845 646182909.75199711 219982125.25060976
0.00000227 0.00309618 646364740.49860501 219983998.53264719
0.00000230 0.00312463 646551327.41748977 219989923.70370138
0.00000233 0.00315383 646742794.91831100 219996693.11711374
0.00000236 0.00318380 646803173.15725875 220003639.59842709
0.00000239 0.00321454 646811676.32391083 220010767.77926677
0.00000242 0.00324609 646820401.90896177 220018082.41241172
0.00000245 0.00327847 646829355.73031855 220025588.37496388
0.00000248 0.00331170 646838543.75807428 220096789.66937482
0.00000251 0.00334579 646847972.11848927 220103563.86695266
0.00000255 0.00338077 646857647.09807527 220110515.25792140
0.00000258 0.00341677 646867575.14779067 220117648.47720748
0.00000261 0.00345392 646877762.88733912 220124968.28097820
0.00000265 0.00349204 646888217.10958552 220132479.54981381
0.00000268 0.00353116 646898944.78508651 220140187.29196131
0.00000272 0.00357130 646909953.06673658 220148096.64667499
0.00000275 0.00361250 646921249.29454100 220156212.88764307
0.00000279 0.00365477 646932841.00050914 220164541.42650476
0.00000282 0.00369814 646944735.91367662 220173087.81645879
0.00000286 0.00374265 646956941.96526122 220181857.75596657
0.00000290 0.00378832 646969467.29395247 220190857.09255278
0.00000294 0.00383519 646982320.25133657 220200091.82670414
0.00000297 0.00388329 646994556.73780513 220209568.11587158
0.00000301 0.00393264 647000308.75372636 220219292.27857620
0.00000305 0.00398328 647006211.22629988 220229270.79862279
0.00000309 0.00403525 647012268.09111774 220239510.32942402
0.00000313 0.00408858 647018483.38672125 220250017.69843745
0.00000317 0.00414330 647024861.25729430 220260799.91171837
0.00000321 0.00419945 647031405.95542645 220276072.98056549
0.00000326 0.00425708 647038121.84495091 220297190.36128420
0.00000330 0.00431621 647045013.40385187 220318860.11622542
0.00000334 0.00437688 647052085.22725189 220341096.69433618
0.00000338 0.00443915 647059342.03047848 220363914.92253447
0.00000343 0.00450304 647066788.65220475 220387330.01559705
0.00000347 0.00456860 647074430.05768049 220411357.58630669
0.00000352 0.00463588 647082271.34203875 220436013.65586442
0.00000356 0.00470492 647090317.73369968 220461314.66457468
0.00000361 0.00477576 647098574.59785259 220487277.48280984
0.00000366 0.00484846 647107047.44003510 220513919.42226154
0.00000370 0.00492306 647115741.90980732 220541258.24748647
0.00000375 0.00499961 647124663.80451703 220569312.18775469
0.00000380 0.00507816 647133819.07316697 220598099.94920722
0.00000385 0.00515877 647143213.82038260 220627640.72733277
0.00000390 0.00524149 647152854.31048417 220657954.21976972
0.00000395 0.00532637 647162746.97166276 220689060.63944447
0.00000400 0.00541347 647172898.40026963 220710348.20368254
0.00000405 0.00550284 647183315.36521494 220732124.84417394
0.00000411 0.00559456 647194004.81248200 220754471.10980475
0.00000416 0.00568868 647204973.86976004 220777401.90111125
0.00000421 0.00578525 647216229.85119915 220800932.50843170
0.00000427 0.00588436 647227780.26228774 220825078.62210476
0.00000432 0.00598605 650256190.26447403 220849856.34293568
0.00000438 0.00609041 652379046.49375474 220875282.19293520
0.00000444 0.00619749 652417061.85618877 220901373.12634069
0.00000450 0.00630738 652456071.61582589 220928146.54092479
0.00000455 0.00642014 652496101.78490233 220955620.28960064
0.00000461 0.00653585 652537179.05615759 220983812.69233069
0.00000467 0.00665459 652579330.82063937 221012742.54834670
0.00000473 0.00677643 652622585.18597627 221042429.14869082
0.00000480 0.00690146 652666970.99512398 221072892.28908360
0.00000486 0.00702976 652712517.84561098 221084775.99947521
0.00000492 0.00716142 652759256.10927784 221092612.59280744
0.00000498 0.00729652 652807216.95254064 221100654.17592072
0.00000505 0.00743516 652856432.35718215 221133479.05862480
0.00000512 0.00757742 652906935.14168525 221169723.53720203
0.00000518 0.00772340 652958758.98313022 221206916.10465440
0.00000525 0.00787320 653011938.43965936 221245081.56259227
0.00000532 0.00802692 653058864.17236900 221284245.36149725
0.00000539 0.00818467 653092270.19471598 221324433.61770201
0.00000546 0.00834653 653126550.05626678 221365673.13081473
0.00000553 0.00851264 653161726.61624432 221407991.40159976
0.00000560 0.00868308 653197823.33192408 221451416.65032619
0.00000567 0.00885799 653234864.27428150 221498881.98353627
0.00000575 0.00903747 653272874.14405334 221577254.48845086
0.00000582 0.00922164 653311878.28821707 221657677.10089678
0.00000590 0.00941064 653351902.71690214 221696019.56856757
0.00000597 0.00960458 653392974.12074411 221734482.77219909
0.00000605 0.00980359 653435119.88869429 221773952.11976692
0.00000613 0.01000780 653478368.12629271 221814453.93249363
0.00000621 0.01021736 653522747.67442405 221856015.22027847
0.00000629 0.01043240 653568288.12855971 221898663.69972104
0.00000637 0.01065307 653615019.85850775 221950060.46219307
0.00000645 0.01087951 653662974.02867758 222068652.39790052
0.00000654 0.01111187 653712182.61887550 222210188.68816590
0.00000662 0.01135031 653762678.44564807 222515549.23785055
0.00000671 0.01159499 653814495.18417847 222620493.86521441
0.00000680 0.01184607 653867667.39076066 222713637.20372444
0.00000688 0.01210371 653922230.52586305 222716551.39952016
0.00000697 0.01236810 653978220.97779155 222742835.92801851
0.00000706 0.01263940 654035676.08697701 222794796.02968848
0.00000716 0.01291780 654094634.17089498 222848115.37288028
0.00000725 0.01320349 654155134.54964209 222902829.51800895
0.00000734 0.01349664 654217217.57217884 222958974.95600802
0.00000744 0.01379747 654280924.64326262 223016589.13268888
0.00000753 0.01410616 654346127.18130958 223075710.47373825
0.00000763 0.01442293 654412013.49584794 223113256.82131767
0.00000773 0.01474799 654479623.36327136 223116364.73813641
0.00000783 0.01508155 654549001.87567592 223119553.95551029
0.00000793 0.01542384 654620195.30512357 223122826.60039586
0.00000804 0.01577508 654693251.13453519 223126184.85540527
0.00000814 0.01613551 654768218.08939087 223167259.68616563
0.00000825 0.01650537 654845146.17025971 223224335.43449914
0.00000835 0.01688490 655461691.07539260 223282904.29089159
0.00000846 0.01727437 655910444.21461451 223343005.32033163
0.00000857 0.01767402 655995087.36634147 223404678.61015666
0.00000868 0.01808413 656081758.69877088 223467965.29682243
0.00000880 0.01850497 656170697.38795412 223573870.15288258
0.00000891 0.01893681 656261962.75728393 223667485.18155390
0.00000903 0.01937996 656355615.68274462 223752146.69425392
0.00000914 0.01983469 656451718.63356876 223793890.97566229
0.00000926 0.02030133 656550335.71396005 223806908.40576488
0.00000938 0.02078017 657698861.48371506 223820266.38310102
0.00000951 0.02127154 657958767.83876729 223833973.81810960
0.00000963 0.02177577 658197573.04249454 223848039.85444781
0.00000975 0.02229318 658388466.07851052 223862473.87509859
0.00000988 0.02282414 658584353.19927549 223976716.87219054
0.00001001 0.02336898 658785365.08366871 224085245.45862639
0.00001014 0.02392808 658991635.83134115 224095965.26146084
0.00001027 0.02450181 659197940.68408418 224106965.51537877
0.00001041 0.02509055 659405610.30243671 224118253.55902344
0.00001054 0.02569469 659618713.02982569 224129836.92314932
0.00001068 0.02631463 659837391.03934014 224310657.19761133
0.00001082 0.02695080 660061790.22606254 224465352.30800942
0.00001096 0.02760361 660292060.30459213 224475344.15826827
0.00001110 0.02827350 660528354.90912950 224485597.42049950
0.00001124 0.02896092 660770831.69618964 224536823.30937055
0.00001139 0.02966632 661019652.45000923 224692655.80519053
0.00001154 0.03039018 661274983.19072390 224763997.03943342
0.00001169 0.03113298 661536994.28538454 224776225.45027152
0.00001184 0.03189521 661805860.56188929 225130463.52319887
0.00001199 0.03267739 662081761.42590773 225745514.27974415
0.00001215 0.03348003 666862768.54446816 225784446.34365767
0.00001231 0.03430368 669010678.35309398 225824397.02716976
0.00001247 0.03514887 669110626.24904382 225865392.98903733
0.00001263 0.03601618 669213189.24434900 225901296.32526487
0.00001279 0.03690619 669318435.78314745 225914464.30471620
0.00001296 0.03781948 669426436.10205758 225927976.81626913
0.00001313 0.03875666 669537262.27717888 226211185.29920179
0.00001330 0.03971838 669650988.27232957 226230234.02975097
0.00001347 0.04070525 669767689.98855305 226249781.17377836
0.00001365 0.04171795 669887445.31492519 226269839.77665257
0.00001382 0.04275715 670010334.18069744 226322096.33491591
0.00001400 0.04382354 670136438.60881364 226672977.24877816
0.00001418 0.04491783 670265842.77083123 227002848.66350377
0.00001437 0.04604076 670398633.04329002 227313666.13492942
0.00001456 0.04719308 671984690.26284254 227581781.28248632
0.00001474 0.04837554 672911173.52427626 227615305.65987405
0.00001494 0.04958895 673128761.85451841 227873012.53599951
0.00001513 0.05083412 673352044.04825246 228098009.53682661
0.00001533 0.05211187 678351171.17522764 228135543.14501551
0.00001553 0.05342305 681626926.55330491 228174058.94225034
0.00001573 0.05476855 681897015.03231907 228254768.51585495
0.00001593 0.05614926 682166411.91468501 228523753.13734585
0.00001614 0.05756610 682442858.77056551 228681828.01512191
0.00001635 0.05902002 682726540.18557787 228806286.50638258
0.00001656 0.06051199 683017645.58308172 228938341.49918330
0.00001678 0.06204300 683316369.35122609 229293712.47740477
0.00001699 0.06361408 684087340.28923368 229441245.93820739
0.00001722 0.06522628 687228582.01069415 229501011.73273408
0.00001744 0.06688067 688550325.55317605 229871056.81552118
0.00001767 0.06857836 689172866.47996306 230215685.76823756
0.00001790 0.07032047 689243375.38582015 230383927.35933548
0.00001813 0.07210819 691324513.01709950 231189113.26862943
0.00001836 0.07394269 692351963.29392135 231308876.12624440
0.00001860 0.07582520 694193651.15415573 231429890.54520750
0.00001884 0.07775698 694653586.20008314 231479262.88891232
0.00001909 0.07973933 699058896.02583051 231548142.28050017
0.00001934 0.08177355 703517397.90684056 231771554.92158651
0.00001959 0.08386102 706627998.89457512 232272610.33174562
0.00001984 0.08600312 709341546.29614687 232564868.41869494
0.00002010 0.08820129 710220095.97663450 232689637.51274595
0.00002036 0.09045699 711079652.47622013 233099268.97739929
0.00002063 0.09277173 711930234.54745567 233471528.85525960
0.00002089 0.09514706 712803083.03676856 233617345.81051743
0.00002117 0.09758455 714933772.62428260 233811610.40439177
0.00002144 0.10008585 718061999.75582314 234580438.51255187
0.00002172 0.10265261 718988021.76559520 235020213.38878897
0.00002200 0.10528656 719748016.88979542 235540244.02931345
0.00002229 0.10798945 720512708.67889881 235986067.28638256
0.00002258 0.11076308 721297420.80904174 236837401.37581533
0.00002287 0.11360931 722102677.92380297 236903202.47958678
0.00002317 0.11653004 722929018.44123435 237200210.60037762
0.00002347 0.11952721 726013072.23987424 237595220.91187644
0.00002377 0.12260283 727242092.73541379 238281021.03791034
0.00002408 0.12575894 729898594.53869236 238883586.44605297
0.00002439 0.12899767 734233648.82662368 239134432.42720675
0.00002471 0.13232116 740096821.98067498 239248859.69791055
0.00002503 0.13573163 741189568.49947977 239662727.26832336
0.00002536 0.13923136 742358986.00143087 240457863.37573668
0.00002569 0.14282269 743500870.67489147 241028620.61243105
0.00002602 0.14650800 746398578.41000617 241846834.89345342
0.00002636 0.15028976 752113417.04541087 242525915.84092438
0.00002670 0.15417049 758371648.79051030 242732357.58267206
0.00002705 0.15815277 760578240.62879133 243161936.56999043
0.00002740 0.16223926 761542850.98584819 243547898.49034640
0.00002776 0.16643268 762524937.60645306 244318742.97706085
0.00002812 0.17073583 767175531.17496693 244889373.86546165
0.00002848 0.17515157 780677166.85749352 245388654.65862605
0.00002885 0.17968283 784712522.67237675 246292608.01563305
0.00002923 0.18433265 790403352.81883359 247333526.64325565
0.00002961 0.18910410 794165764.08192384 248421022.12498927
0.00002999 0.19400037 797946896.64460051 249500922.28241545
0.00003038 0.19902471 801715607.23206711 250255043.26926255
0.00003078 0.20418046 804672799.20607316 251485029.44947559
0.00003118 0.20947104 809762536.39029896 252507585.94253278
0.00003158 0.21489997 813992125.05332756 253596544.66083741
0.00003199 0.22047085 818332624.48689437 254816187.86517322
0.00003241 0.22618738 822668841.40830123 255556548.98198533
0.00003283 0.23205334 827096061.45132554 256089153.33265197
0.00003326 0.23807262 831003515.15868425 257390569.68768883
0.00003369 0.24424921 833676607.65632272 258477271.45820612
0.00003413 0.25058719 835173290.99370170 258830796.86390775
0.00003457 0.25709075 836706937.39094460 259435976.59401849
0.00003502 0.26376419 842680148.65703773 260242487.13892895
0.00003547 0.27061192 852963646.24175560 261056088.08414149
0.00003593 0.27763844 862046981.88921726 262131079.32683074
0.00003640 0.28484839 867711350.21249199 263025877.48268342
0.00003687 0.29224651 873883781.32389498 263795784.57390785
0.00003735 0.29983768 886113287.62058961 264684913.12666553
0.00003784 0.30762686 894313193.25474250 265344228.88694069
0.00003833 0.31561917 901976929.54689598 266328525.98452404
0.00003883 0.32381985 910854890.56779003 267409634.39894015
0.00003933 0.33223426 916261424.33122444 268859361.98805726
0.00003984 0.34086791 924992738.67215550 270011352.21815276
0.00004036 0.34972642 939661653.05988264 271567515.20199156
0.00004089 0.35385928 954305548.11653161 272802787.64288872
0.00004142 0.35678081 971469594.15538919 273838558.70198739
0.00004196 0.35977690 986905955.25094068 275365874.73366141
0.00004250 0.36284932 998285664.37423241 275913193.37516975
0.00004305 0.36599990 1009964060.33386827 277381462.83704245
0.00004361 0.36923050 1021949008.87325108 278655197.99445796
0.00004418 0.37254301 1034248584.15376568 279938681.79910553
0.00004475 0.37593934 1046681098.07528722 281205669.16534257
0.00004533 0.37942147 1059398617.79620206 282716780.52685189
0.00004592 0.38299141 1072450087.63588524 283768947.61796057
0.00004652 0.38665119 1085844309.30956984 284426956.36236596
0.00004712 0.39040289 1099590318.08672142 285728734.67514789
0.00004774 0.39424865 1113697389.05809641 286996243.04749435
0.00004836 0.39819064 1128175043.57341218 288766462.89517248
0.00004899 0.40223107 1142746512.91804433 289571245.28741646
0.00004962 0.40637220 1158448668.14984655 291330443.52277708
0.00005027 0.41061637 1174220166.53167629 292253292.51744723
0.00005092 0.41496594 1190406154.22196293 294238328.63914609
0.00005158 0.41942335 1207017572.06896996 296169656.37900484
0.00005225 0.42399108 1224065651.93665290 298120325.26052594
0.00005293 0.42867172 1241561924.53472328 298881853.01196170
0.00005362 0.43346789 1259445879.49304748 301214852.97081316
0.00005432 0.43838232 1275280982.90681481 302762985.29290050
0.00005502 0.44341780 1287904822.13273358 304324501.12796938
0.00005574 0.44857724 1300851360.53171444 306457764.39556646
0.00005646 0.45386362 1313980568.47718143 308404519.58752108
0.00005719 0.45928005 1327455499.84031606 310897150.52175689
0.00005794 0.46482974 1353867653.57767701 312540309.77124709
0.00005869 0.47051604 1370713842.59109497 314872942.76410002
0.00005945 0.47634241 1391871777.92653179 316837841.58506083
0.00006022 0.48231245 1415692086.75916600 319741098.89986676
0.00006101 0.48842994 1440096237.61964869 322176323.00573754
0.00006180 0.49469879 1466565902.18353844 324650640.73660207
0.00006260 0.50112306 1491249605.70642471 327373952.26260650
0.00006342 0.50770701 1517915523.39238501 329625710.29228044
0.00006424 0.51445506 1544813360.82375312 331917334.53424454
0.00006508 0.52137182 1562925163.70279264 335077283.51080549
0.00006592 0.52846209 1577203907.15601397 337425342.56844091
0.00006678 0.53573086 1595356900.06477523 340398039.94593304
0.00006765 0.54318331 1618183913.64084291 343925165.73405302
0.00006852 0.55082483 1635797326.39294362 346137379.99824536
0.00006941 0.55866100 1650835872.62304568 348327666.01917511
0.00007032 0.56700580 1685370058.48678398 351092541.74157161
0.00007123 0.57558201 1706773400.91258788 353233620.27589279
0.00007216 0.58438537 1737812474.71418118 356934157.75576282
0.00007309 0.59342193 1763266246.77531123 360861636.49034166
0.00007404 0.60269787 1783832101.08884025 364425291.30867112
0.00007501 0.61221955 1804941069.76845455 368218274.45609295
0.00007598 0.62199349 1826607612.39209056 371199095.67480993
0.00007697 0.63202635 1848846578.21942663 374137076.83594775
0.00007797 0.64232499 1876470996.45277166 378121497.56620944
0.00007898 0.65289642 1917216727.28565693 381985976.76720673
0.00008001 0.66259148 1959038569.38605404 387150268.87404740
0.00008105 0.66438026 2001965088.61380196 391120288.09800416
0.00008210 0.66621855 2046025607.67910624 395351093.71714240
0.00008317 0.66810760 2091491467.18596458 400755806.27925456
0.00008425 0.67004870 2138180438.18796444 404943404.97752917
0.00008534 0.67204315 2186103212.79418278 408942248.49296272
0.00008645 0.67409224 2235292520.71893787 413499662.83983994
0.00008757 0.67619728 2285781951.64660740 417890774.26929736
0.00008871 0.67835956 2337605975.90029764 423993541.20870990
0.00008986 0.68058037 2390799965.34824753 429039761.19366556
0.00009103 0.68286100 2445400214.51708746 433905072.50497866
0.00009222 0.68520269 2501443961.87580967 439337393.71289003
0.00009341 0.68760670 2558969411.24892807 443869217.55596942
0.00009463 0.69007421 2618015753.31092405 450460007.91782653
0.00009586 0.69260641 2678623187.10738087 457134191.54072464
0.00009710 0.69520440 2740832941.54012680 463693488.52039433
0.00009836 0.69786927 2803939690.00129175 469221887.72273266
0.00009964 0.70060201 2859018143.35513401 475841752.18624896
0.00010094 0.70340358 2915441673.54314995 480311911.58683854
0.00010225 0.70627485 2973190135.42398596 487316087.59089845
0.00010358 0.70921659 3032468772.40658998 495239063.89959913
0.00010492 0.71687720 3099591647.38054180 502275803.34683490
0.00010629 0.73332389 3172455870.38800240 509474187.60044843
0.00010767 0.74962998 3236645016.76468992 516634529.21630877
0.00010907 0.76572291 3302536550.13782644 522413046.07930791
0.00011048 0.78191883 3370175281.38937807 529697805.45224750
0.00011192 0.79775462 3439607111.37100077 539980785.63655233
0.00011337 0.81313357 3510879045.08267117 549375271.98927236
0.00011485 0.82796025 3584039204.42812300 558548255.46157706
0.00011634 0.84213482 3659136839.30765057 567909181.43783903
0.00011785 0.85555391 3736222336.78089285 579017513.81877685
0.00011938 0.86811178 3815347228.00144243 588898687.62250662
0.00012093 0.88665009 3896564192.59084368 598863255.77580619
0.00012250 0.90956368 3979927060.08234310 606694415.90860367
0.00012410 0.93300260 4065490808.02281475 614212214.62727392
0.00012571 0.95697273 4153311556.27602386 624350037.62675703
0.00012734 0.98147958 4243446557.01985264 636878653.78338933
0.00012900 1.00652827 4335954179.87482071 649274224.03616059
0.00013067 1.03212345 4430893891.54057026 661705990.46547341
0.00013237 1.05826925 4528326229.25014687 672503696.79595327
0.00013409 1.08496919 4628312767.27874947 683460149.24908805
0.00013583 1.11222611 4730916075.66383743 696180586.14846861
0.00013760 1.14004198 4836199670.20538807 708554997.56312990
0.00013939 1.16841786 4944227952.72021103 723658153.76509738
0.00014120 1.19735364 5055066140.41941833 738473628.00260985
0.00014303 1.22684787 5168780183.16529846 751757419.89375329
0.00014489 1.25689756 5285436667.24056625 767926269.50523949
0.00014677 1.28749789 5405102704.12989807 781436920.78382051
0.00014868 1.31864195 5527845802.66932011 794206600.01098514
0.00015061 1.35032041 5653733722.76437473 809171538.77794015
0.00015257 1.38270861 5782834308.71091270 825354685.56069374
0.00015455 1.41601209 5915215299.97382164 839602155.78461778
0.00015656 1.44983470 6050944117.08934307 856201145.98035336
0.00015860 1.48415073 6190087620.15390873 869552463.60706115
0.00016066 1.51893013 6332711837.14972973 882453606.77858508
0.00016274 1.55428486 6478881659.13302612 896466629.78636742
0.00016486 1.59021035 6628660499.07781601 916214257.67824483
0.00016700 1.62647924 6782109910.92608738 934951930.83380938
0.00016917 1.66303944 6939289165.14912224 954178693.29042649
0.00017137 1.69983254 7100254776.87337780 970765831.52415299
0.00017360 1.73573559 7265059982.37656593 990862406.71529973
0.00017585 1.64857203 7433754159.51487350 1010777887.05231547
0.00017814 1.56507982 7606382187.41092014 1031871949.34728885
0.00018045 1.48517122 7782983740.51835728 1051119283.03448653
0.00018280 1.40875416 7963592511.99353504 1073943457.07322025
0.00018517 1.33573307 8148235361.15682411 1099249024.38733006
0.00018758 1.26600958 8336931379.73042488 1123553094.61564207
0.00019001 1.19948315 8526484170.05977440 1144358887.91561365
0.00019248 1.14486393 8677604202.52496910 1168550154.72505498
0.00019498 1.16274825 8875468395.60525513 1190225943.93285942
0.00019752 1.18024303 9077077661.36932755 1216379054.44481850
0.00020008 1.19867326 9282368220.28767776 1242277893.43096733
0.00020268 1.21676157 9491258580.68614578 1269744609.89143324
0.00020532 1.23413086 9703647737.02571487 1298648107.82014012
0.00020799 1.25068684 9838786141.45392418 1324708762.59926176
0.00021069 1.26633287 10071149683.84892082 1352802643.64129210
0.00021343 1.28097078 10307851041.20681572 1382655809.60217047
0.00021620 1.29450175 10548807193.57356644 1411085793.07814312
0.00021901 1.30682738 10793913528.98912811 1440771878.71895695
0.00022185 1.31785082 11040497344.15442467 1474205464.23752069
0.00022474 1.32747798 11272780572.38706589 1506970626.08789492
0.00022766 1.33561892 11506826549.41055298 1540226794.73104119
0.00023062 1.34218911 11742262890.96984673 1569683149.90493369
0.00023361 1.34711093 11978674905.98117828 1603547267.02932763
0.00023665 1.35031497 12215603241.35799789 1638192963.66400123
0.00023972 1.35174139 12449453981.70869064 1673755307.32800627
0.00024284 1.35134117 12628962270.21687317 1710115555.70714855
0.00024599 1.34907725 12758063725.96501732 1747198363.74538040
0.00024919 1.34492547 12944487569.39257622 1785133834.11907768
0.00025243 1.33887534 13176893125.33407402 1821796858.25205231
0.00025571 1.33123490 13318438090.01609802 1861913374.15498877
0.00025903 1.33167896 13474926034.56673431 1902220851.55252552
0.00026240 1.36410547 13745975842.93918610 1940170255.87314463
0.00026581 1.39766441 14015938625.28106880 1979031580.53878307
0.00026926 1.43192667 13862858260.11712265 2017439434.34519243
0.00027276 1.46689358 14111609239.57054520 2055970545.55304289
0.00027630 1.50256493 14216678597.32346916 2091806341.50470543
0.00027989 1.53893880 14431754914.16428947 2132190543.73005605
0.00028353 1.57601136 14639165324.67785835 2171985928.72058535
0.00028721 1.61377673 14882020784.00517654 2211678939.33263588
0.00029095 1.65222672 15088389062.88930321 2249666884.97366238
0.00029473 1.69135066 15200558706.70599174 2291701047.89209318
0.00029856 1.73113515 15365888859.66200447 2328944988.52087688
0.00030244 1.77156385 15171100159.10048103 2369233866.41940212
0.00030637 1.81261721 14940077808.94615936 2407120098.88941956
0.00031035 1.77814614 15117557125.30423737 2450272133.41578007
0.00031438 1.72881910 15294052284.29428291 2487084800.76083469
0.00031846 1.67907625 15505801712.47517014 2522472648.42294216
0.00032260 1.62910644 15650419705.21132660 2553424674.67917109
0.00032679 1.57908751 15692207134.34063148 2582605770.02048111
0.00033104 1.56067940 15796091406.53674507 2609635317.09735584
0.00033534 1.56173334 15769095388.24530602 2635972693.33671665
0.00033970 1.56080359 15548557460.19936562 2656738909.74576807
0.00034411 1.55777611 15551008928.56699944 2681635718.76320839
0.00034859 1.55254964 15498382601.40598679 2708561935.69393539
0.00035311 1.54503856 15340326843.75438309 2726247454.72994184
0.00035770 1.53517572 15163827412.88017273 2740884647.07565212
0.00036235 1.52333897 15081620878.65145874 2761627109.07619429
0.00036706 1.51030498 14930460324.12461281 2786039534.49367380
0.00037183 1.49481471 14704814497.98681831 2804473062.77072811
0.00037666 1.47689327 14518510221.85872650 2805434204.73886395
0.00038155 1.45659244 14446914660.44597054 2824957647.14118147
0.00038651 1.43399049 14421860736.56935883 2827993185.16606045
0.00039154 1.40919122 14363461028.12890625 2829540216.81045198
0.00039662 1.38232230 14189795011.45989799 2819611287.80534458
0.00040178 1.35353301 13967382575.40128899 2813952416.65535307
0.00040700 1.36731044 13688114154.69252586 2806496186.88031292
0.00041229 1.38066044 13423243903.17890739 2795255291.69553375
0.00041764 1.39292087 13262100033.62552834 2773877762.23670673
0.00042307 1.40401418 13038258323.21628380 2744380654.00330448
0.00042857 1.41386448 12886504459.96375084 2711513446.24243021
0.00043414 1.42239830 12675842025.62929344 2687389599.79107094
0.00043978 1.42954544 12430945580.66827774 2656406399.84421635
0.00044549 1.43523992 12204613290.34520149 2634442808.26037598
0.00045128 1.43942083 11895700171.49087906 2599439532.74854040
0.00045714 1.44203332 11557360815.89637566 2543957403.74067211
0.00046308 1.44302946 11313350309.40616035 2504257130.33600092
0.00046910 1.44236917 10914619913.39120293 2455701686.43384647
0.00047520 1.44002100 10568426855.98738289 2404658021.62154293
0.00048137 1.43596287 10300079586.98146629 2347064784.31287384
0.00048763 1.43018268 10024025132.10010338 2279909324.66905642
0.00049396 1.42267880 9742622568.38399887 2223688873.01548004
0.00050038 1.41346045 9412708586.96067619 2169529280.34859180
0.00050688 1.40254781 9083897529.30482864 2121026657.61571193
0.00051347 1.38997209 8745007954.25017548 2071400134.32446861
0.00052014 1.37577528 8410360936.58233070 2019546120.92049313
0.00052690 1.36000987 8081609122.91023636 1969781223.74609876
0.00053375 1.34273828 7767729612.84949398 1912656237.99061298
0.00054068 1.32403218 7543261640.70922852 1849183725.91554880
0.00054771 1.30397165 7266715699.49120808 1800720583.90628242
0.00055482 1.28264424 6968174685.50514698 1741122225.43322253
0.00056203 1.26014391 6679999198.15027237 1692146855.21697831
0.00056934 1.23656987 6424115667.53039265 1634834433.61784887
0.00057674 1.21202544 6156234561.92247105 1574435441.19877434
0.00058423 1.15412869 5930420379.99098969 1522134704.98448634
0.00059182 1.09816542 5658336367.19437885 1463492665.13454723
0.00059951 1.04508709 5405930685.36403561 1413987812.01107216
0.00060730 0.99461929 5215624366.34839821 1367750571.45303702
0.00061519 0.94663237 5004545326.46669674 1313248690.32288384
0.00062319 0.90100319 4761009890.80329895 1258409155.28632784
0.00063128 0.85761480 4546353488.42331886 1213985527.13301897
0.00063949 0.81635611 4350199754.26319122 1160534493.25614810
0.00064780 0.77712161 4160353121.81926250 1113855765.79680395
0.00065621 0.73981107 3987420030.58230257 1067003984.15008509
0.00066474 0.70432931 3816502350.55723572 1024593860.41404641
0.00067338 0.67058588 3640018033.13502789 986338935.22065580
0.00068213 0.63849489 3481828193.95636702 944925610.00587547
0.00069099 0.60797472 3320267592.06298256 903466510.14381695
0.00069997 0.57894785 3161435559.63874149 863428027.61740887
0.00070907 0.55134059 3009593933.05808353 825528361.38378274
0.00071828 0.52508295 2867420704.99799299 791027955.55635619
0.00072761 0.50010841 2728539715.55464888 755840130.01724720
0.00073707 0.47635376 2594657396.49923038 722227444.89493561
0.00074664 0.45375893 2468649280.85781193 690132819.87919462
0.00075635 0.43226683 2346757112.31585503 658584201.99555314
0.00076617 0.41182318 2231982067.18895245 629878048.13615656
0.00077613 0.39237642 2122546426.93645430 601468260.48310006
0.00078621 0.37387752 2020071595.88583970 574980289.58331847
0.00079643 0.35627987 1922307654.66119552 548127437.01897120
0.00080678 0.33953919 1828929962.58247185 523124236.30193043
0.00081726 0.32361335 1739809502.46647310 498721556.31466389
0.00082788 0.30846232 1654813445.54550195 474918930.31195575
0.00083864 0.29404806 1573776120.54000044 452700496.38776171
0.00084954 0.28033438 1496535407.40846848 431326128.32734430
0.00086058 0.26728689 1422933090.76655293 410547835.14138246
0.00087176 0.25487289 1352815139.71533179 390841023.60221624
0.00088309 0.24306129 1285553255.29988408 372215380.70632887
0.00089456 0.23182255 1220939231.01366711 354307983.43396091
0.00090618 0.22112857 1159543411.83194876 336910650.84433365
0.00091796 0.21095265 1101208072.65225434 321060039.87493443
0.00092989 0.20126939 1045782937.87170017 305627648.67257053
0.00094197 0.19205465 993124863.08039486 290795581.36999613
0.00095421 0.18328549 943097526.13978386 276658293.22359216
0.00096661 0.17494009 895571127.95115602 262938419.30023465
0.00097917 0.16699772 850667683.89632916 250018867.92996249
0.00099189 0.15943866 808178042.58666730 237705630.79913479
0.00100478 0.15224417 767771841.92177510 225963031.97574502
0.00101784 0.14539643 729350810.47441304 214633844.51430196
0.00103106 0.13887852 692820858.28594422 203848841.14096871
0.00104446 0.13267433 658091955.78718817 193661230.09709418
0.00105803 0.12676856 625078008.37214863 183983332.73875540
0.00107178 0.12114667 593696728.04156649 174643957.45017552
0.00108571 0.11579482 563869503.33014631 165799610.44253793
0.00109981 0.11069988 535521268.55148435 157483083.13347986
0.00111411 0.10584935 508580373.23651826 149561622.55339015
0.00112858 0.10123136 482978452.50195837 142018875.73940575
0.00114325 0.09683463 458650298.96321058 134838862.97195494
0.00115810 0.09264842 435533736.69947284 127953638.49391378
0.00117315 0.08866255 413569497.68571222 121408371.15968961
0.00118839 0.08486732 392701101.02523690 115232704.48055448
0.00120384 0.08125353 372874735.24651408 109365454.56216803
0.00121948 0.07781241 354032599.08931440 103788394.07316002
0.00123532 0.07453567 336132654.78442323 98487920.36209810
0.00125138 0.07141538 319128770.20426607 93409243.31593567
0.00126764 0.06850931 302976658.38736153 88586964.36765316
0.00128411 0.06575069 287634168.26006293 84011244.55335586
0.00130079 0.06313006 273061187.64941448 79678900.15327358
0.00131770 0.06064150 259219549.95509788 75601183.04343188
0.00133482 0.05827944 245885382.79686421 71727971.43685144
0.00135216 0.05834849 233210359.20417652 68036285.73920134
0.00136973 0.06040233 221179261.89012569 64520600.87291671
0.00138753 0.05866269 209759739.05146849 61152461.34234751
0.00140556 0.05626403 198921047.61741114 57985027.52379073
0.00142382 0.05396935 188633974.38361117 54983632.92974648
0.00144233 0.05177311 178982713.72805193 52115250.11960956
0.00146107 0.04967005 169858666.87092048 49388135.37616919
0.00148005 0.04767968 161195132.25454131 46800529.22160509
0.00149928 0.04864103 152969061.65530252 44363867.78353409
0.00151877 0.05543778 145158548.37805521 42037730.69747305
0.00153850 0.06465414 137742771.82284063 39849135.10572219
0.00155849 0.06728948 130701944.61919256 37754650.48850830
0.00157874 0.06407069 124017262.22434410 35757795.20899943
0.00159926 0.06099401 117670854.88382879 33870510.69704780
0.00162004 0.05805245 111645741.85543703 32095633.76440737
0.00164109 0.05523938 105925787.80010456 30397367.72861432
0.00166241 0.04846860 100495661.24613044 28793280.36944328
0.00168401 0.04096696 95340795.03598611 27276244.41100769
0.00170590 0.03419464 90447348.66798390 25821648.96119017
0.00172806 0.02882648 85802172.44805114 24445438.42930989
0.00175052 0.02758128 81392773.36991546 23158391.48194062
0.00177326 0.02638730 77207282.64500509 21947576.67827902
0.00179630 0.02535365 73234424.80639407 20801723.90497778
0.00181965 0.02461883 69463488.31406540 19710614.62657894
0.00184329 0.02392464 65884042.04652785 18686069.46597185
0.00186724 0.02184464 62485306.97807977 17688285.86147579
0.00189150 0.02079320 59259605.01581165 16766279.48352895
0.00191608 0.01979249 56198205.64748860 15886945.82738343
0.00194098 0.01881800 53292815.95742220 15045227.12749260
0.00196620 0.01786885 50535558.84566510 14236381.10100500
0.00199175 0.01694436 47918952.31895966 13464857.65984977
0.00201763 0.01604408 45435889.80198966 12732146.73506922
0.00204385 0.01519586 43080325.19565585 12048066.41017720
0.00207041 0.01483884 40844374.66858566 11386587.54402811
0.00209731 0.01449166 38723956.92053416 10768063.33232321
0.00212456 0.01415251 36711952.56494379 10190520.10049223
0.00215217 0.01381947 34802874.98636408 9637489.98065766
0.00218013 0.01349049 32991513.38327372 9117696.50357708
0.00220846 0.01316339 31272918.97891254 8632155.64319709
0.00223716 0.01283587 29642391.91663770 8165512.70983371
0.00226623 0.01250553 28095468.80625462 7728362.76166386
0.00229567 0.01216988 26627851.85138625 7313370.18545215
0.00232550 0.01152611 25235023.29568546 6924355.28763450
0.00235572 0.01071973 23910527.07677499 6549599.01235888
0.00238633 0.00995528 22629619.11913202 6192190.73468249
0.00241734 0.00923168 21415507.68465200 5859087.17205268
0.00244875 0.00854784 20264869.64266170 5542151.06089353
0.00248057 0.00790266 19174450.44848941 5237413.20756339
0.00251280 0.00729503 18141160.36580927 4951476.79523775
0.00254545 0.00672380 17174012.03604383 4680541.00843946
0.00257853 0.00618781 16269689.46897531 4421591.67087113
0.00261203 0.00568570 15412040.73818039 4177906.14083028
0.00264598 0.00521413 14584514.67769370 3944200.77727828
0.00268036 0.00477485 13799026.84834582 3730015.16298604
0.00271519 0.00423535 13054438.40410157 3523544.90211118
0.00275047 0.00368459 12348933.01138421 3329835.17686164
0.00278621 0.00321011 11680502.33378235 3145603.21943346
0.00282241 0.00280091 11046317.96994993 2964803.76718319
0.00285908 0.00244733 10442439.94910298 2796349.98401978
0.00289623 0.00214090 9870576.35804115 2638885.13064541
0.00293387 0.00187489 9329071.35716379 2490779.50840680
0.00297199 0.00164365 8816353.32588460 2346839.71432882
0.00301061 0.00144235 8330930.61906119 2216796.37230625
0.00304973 0.00126689 7871387.53609713 2093177.35921883
0.00308936 0.00111377 7436380.49211786 1976632.76465210
0.00312950 0.00097999 7024634.38114438 1865504.44330538
0.00317016 0.00086298 6634811.14715921 1759580.48482384
0.00321136 0.00076054 6265847.76103038 1659861.58599261
0.00325309 0.00067081 5916714.22596845 1564547.45192236
0.00329536 0.00059219 5586375.32275758 1472055.50657405
0.00333818 0.00052316 5273848.75555342 1384678.53671972
0.00338155 0.00046248 4977237.41705051 1305460.98754277
0.00342549 0.00040911 4698701.41949484 1229132.15920029
0.00347000 0.00036211 4434475.16464817 1156692.32526240
0.00351509 0.00032071 4184583.29427700 1090004.50299573
0.00356077 0.00028420 3948272.42626424 1024865.41738973
0.00360703 0.00025198 3728712.43592138 965129.24616532
0.00365390 0.00022353 3523419.98124422 910455.31118036
0.00370138 0.00019840 3328962.00042300 857181.18619011
0.00374948 0.00017617 3144889.60197699 806998.33769224
0.00379820 0.00015650 2970665.38044921 759099.27993475
0.00384755 0.00013910 2805776.68431307 713427.19970519
0.00389755 0.00012368 2649737.04168177 670361.92317720
0.00394819 0.00011001 2498826.65296895 629492.88993844
0.00399950 0.00009789 2356180.53104042 590932.33452905
0.00405146 0.00008714 2221374.13644050 555438.55601039
0.00410411 0.00007760 2093991.42908030 521946.96429450
0.00415744 0.00006913 1973637.84038435 490509.88410767
0.00421146 0.00006160 1859939.18411724 460723.15265686
0.00426618 0.00005491 1752540.62206992 433362.48314200
0.00432162 0.00004896 1651105.68185123 407226.32063622
0.00437777 0.00004367 1555315.32416667 382884.30841990
0.00443466 0.00003896 1464867.05709838 359867.26924894
0.00449228 0.00003477 1379444.60042144 337793.58040706
0.00455065 0.00003104 1298798.70433493 316971.94060352
0.00460978 0.00002771 1222682.42878134 297639.63295375
0.00466968 0.00002475 1150795.24657425 279525.69582178
0.00473036 0.00002211 1082958.55301613 262465.10520732
0.00479183 0.00001976 1018962.20628138 246635.77730279
0.00485409 0.00001766 958597.43952242 231580.53014941
0.00491717 0.00001578 901666.42981965 217079.26486209
0.00498106 0.00001411 847981.73938492 203638.61411777
0.00504578 0.00001262 797365.78495200 190657.74622157
0.00511135 0.00001129 749650.33393417 178775.82009687
0.00517777 0.00001010 704682.81664585 167865.94024184
0.00524504 0.00000903 662355.03453716 157676.00429501
0.00531320 0.00000808 622467.90722025 147854.98005023
0.00538224 0.00000724 584886.59250278 138368.71715832
0.00545217 0.00000648 549483.40056488 129713.53456448
0.00552302 0.00000580 516125.50777689 121962.79157731
0.00559479 0.00000519 484688.25703530 114174.07361255
0.00566748 0.00000465 455089.46589955 106852.17085273
0.00574113 0.00000416 427800.86004515 100037.57476801
0.00581573 0.00000373 401733.98522011 93841.89482321
0.00589130 0.00000334 376570.56546011 87965.39875010
0.00596785 0.00000299 353269.41547957 82275.87932662
0.00604539 0.00000268 332743.47661153 77049.22561518
0.00612395 0.00000240 313344.43196184 72296.09579105
0.00620352 0.00000215 293566.23945369 67591.91441559
0.00628413 0.00000193 274957.07616531 63151.94255588
0.00636579 0.00000173 257482.19598810 59119.79880341
0.00644850 0.00000155 241076.98155374 55209.93371663
0.00653230 0.00000139 226279.22659399 51675.26216052
0.00661718 0.00000125 212410.80675664 48345.41071218
0.00670316 0.00000112 199353.61674455 45147.35752312
0.00679026 0.00000100 187067.04497437 42182.72668965
0.00687849 0.00000090 175507.57991468 39416.36607402
0.00696787 0.00000081 164634.05889188 36787.78074371
0.00705841 0.00000072 154407.54622407 34360.21708967
0.00715013 0.00000065 144791.21751868 32110.29449988
0.00724304 0.00000058 135710.17634174 30002.70391829
0.00733715 0.00000052 126965.56300361 27999.34215693
0.00743249 0.00000047 118764.09281235 26120.56434202
0.00752907 0.00000042 111073.44405402 24359.31191515
0.00762690 0.00000038 103863.12722260 22701.21329326
0.00772600 0.00000034 97104.38640303 21183.63047026
0.00782640 0.00000030 90770.10571441 19751.83267569
0.00792809 0.00000027 84834.72056133 18410.28262253
0.00803111 0.00000024 79274.13345366 17159.05737040
0.00813546 0.00000022 74062.48589340 15995.98121501
0.00824118 0.00000020 69180.85286144 14914.71435596
0.00834826 0.00000018 64610.28021464 13908.16545886
0.00845674 0.00000016 60375.98030833 12964.35009190
0.00856663 0.00000014 56456.49497822 12078.59561118
0.00867794 0.00000013 52782.52266994 11252.88851054
0.00879070 0.00000011 49339.31780307 10470.46556638
0.00890493 0.00000010 46112.97855376 9740.41586529
0.00902064 0.00000009 43090.40106564 9067.42141252
0.00913785 0.00000008 40259.23602143 8435.32769577
0.00925659 0.00000007 37607.84745753 7848.16868722
0.00937687 0.00000006 35125.27371024 7306.98903180
0.00949871 0.00000006 32769.48518347 6795.79385449
0.00962214 0.00000005 30544.72687839 6323.14566490
0.00974717 0.00000004 28466.70402917 5876.23712508
0.00987382 0.00000004 26525.53325462 5463.23066714
0.01000212 0.00000003 24712.53074925 5078.65134255
0.01013209 0.00000003 23020.04999327 4724.79143565
0.01026374 0.00000003 21440.34468776 4390.62844438
0.01039711 0.00000002 19966.14626432 4085.47785400
0.01053221 0.00000002 18590.63587602 3799.70220232
0.01066907 0.00000002 17307.41793360 3538.45781960
0.01080770 0.00000002 16122.90284253 3288.61793227
0.01094813 0.00000001 15028.37293082 3054.98908434
0.01109039 0.00000001 14005.91087916 2839.12930436
0.01123450 0.00000001 13050.94165350 2640.02915629
0.01138048 0.00000001 12155.65141065 2453.52798867
0.01152836 0.00000001 11308.25251685 2278.33863469
0.01167816 0.00000001 10518.51755890 2116.99220011
0.01182990 0.00000001 9782.63574944 1966.82591472
0.01198362 0.00000001 9097.03919377 1826.01712014
0.01213934 0.00000001 8458.38809397 1695.11045901
0.01229708 0.00000000 7863.55680441 1572.86493259
0.01245686 0.00000000 7309.62069314 1459.36953575
0.01261873 0.00000000 6793.84376560 1354.40184928
0.01278269 0.00000000 6313.99766065 1256.85583897
0.01294879 0.00000000 5867.31945316 1166.90221444
0.01311705 0.00000000 5461.34772681 1083.39727305
0.01328749 0.00000000 5082.95209792 1005.76022202
0.01346015 0.00000000 4730.01244326 933.27082272
0.01363505 0.00000000 4400.87464806 865.83141830
0.01381222 0.00000000 4093.98768850 803.18414435
0.01399170 0.00000000 3807.89752449 745.02199640
0.01417350 0.00000000 3541.24133265 691.09069855
0.01435768 0.00000000 3292.74206205 641.00478545
0.01454424 0.00000000 3061.20329578 594.43639126
0.01473323 0.00000000 2845.50440224 551.02664072
0.01492467 0.00000000 2644.55446812 510.46201225
0.01511860 0.00000000 2457.41367670 472.98187292
0.01531505 0.00000000 2283.16849486 438.42355355
0.01551405 0.00000000 2120.95730252 406.34817697
0.01571564 0.00000000 1969.97395790 376.58067646
0.01591985 0.00000000 1829.46438424 348.95805835
0.01612671 0.00000000 1698.72335489 323.32859174
0.01633626 0.00000000 1577.09146605 299.55105082
0.01654854 0.00000000 1463.95228708 277.49400644
0.01676357 0.00000000 1358.72967845 257.03516385
0.01698139 0.00000000 1260.88526827 238.06074382
0.01720205 0.00000000 1169.76258144 220.46490437
0.01742557 0.00000000 1084.79991547 204.14920047
0.01765200 0.00000000 1005.87944442 189.02207948
0.01788137 0.00000000 932.58157438 174.99466793
0.01811372 0.00000000 864.51504307 161.97877419
0.01834909 0.00000000 801.31507175 149.89267475
0.01858751 0.00000000 742.64163252 138.68322413
0.01882904 0.00000000 688.17782414 128.29774510
0.01907370 0.00000000 637.62835009 118.67127124
0.01932154 0.00000000 590.71809260 109.75745569
0.01957261 0.00000000 547.19077705 101.50424857
0.01982693 0.00000000 506.80772126 93.86334697
0.02008456 0.00000000 469.34666461 86.84808184
0.02034554 0.00000000 434.60067199 80.29839375
0.02060991 0.00000000 402.37710830 74.23437891
0.02087772 0.00000000 372.49667893 68.63036382
0.02114900 0.00000000 344.79253231 63.42924823
0.02142381 0.00000000 319.10942072 58.65349088
0.02170219 0.00000000 295.30291561 54.21370987
0.02198419 0.00000000 273.23867424 50.07317344
0.02226985 0.00000000 252.79175434 46.27930186
0.02255922 0.00000000 233.84597371 42.77407681
0.02285236 0.00000000 216.29331208 39.54592553
0.02314930 0.00000000 200.03335254 36.53475587
0.02345010 0.00000000 184.97275984 33.74463412
0.02375481 0.00000000 171.03518016 31.16417848
0.02406348 0.00000000 158.19261869 28.77788184
0.02437616 0.00000000 146.29754570 26.57136565
0.02469290 0.00000000 135.28837423 24.53653132
0.02501376 0.00000000 125.12406070 22.66124430
0.02533879 0.00000000 115.71112917 20.92383687
0.02566804 0.00000000 106.99494702 19.31808844
0.02600157 0.00000000 98.84642247 17.83382214
0.02633943 0.00000000 91.30764130 16.46196980
0.02668169 0.00000000 84.37431152 15.19413147
0.02702839 0.00000000 77.95669325 14.03054443
0.02737959 0.00000000 71.96992861 12.95494821
0.02773536 0.00000000 66.44607664 11.95158475
0.02809576 0.00000000 61.39449860 10.99489353
0.02846083 0.00000000 56.72088840 10.14605227
0.02883065 0.00000000 52.39740610 9.36171662
0.02920527 0.00000000 48.38369402 8.63705694
0.02958477 0.00000000 44.66786270 7.96760010
0.02996919 0.00000000 41.23237937 7.34920353
0.03035861 0.00000000 38.05645789 6.77803112
0.03075309 0.00000000 35.12082652 6.25076365
0.03115269 0.00000000 32.42402044 5.76239027
0.03155749 0.00000000 29.94912070 5.31033494
0.03196755 0.00000000 27.65997738 4.88924113
0.03238293 0.00000000 25.54287646 4.50032640
0.03280371 0.00000000 23.57182003 4.14891878
0.03322996 0.00000000 21.74889421 3.82602672
0.03366175 0.00000000 20.06459721 3.52796282
0.03409915 0.00000000 18.50855396 3.25163945
0.03454224 0.00000000 17.07115396 2.99740702
0.03499108 0.00000000 15.74349578 2.75995554
0.03544575 0.00000000 14.51732868 2.54263780
0.03590633 0.00000000 13.38480479 2.33700476
0.03637290 0.00000000 12.33911053 2.14588004
0.03684552 0.00000000 11.37369732 1.97323737
0.03732429 0.00000000 10.48250285 1.81355197
0.03780928 0.00000000 9.65991544 1.66876796
0.03830058 0.00000000 8.90074113 1.53463335
0.03879825 0.00000000 8.20017300 1.41211362
0.03930240 0.00000000 7.55376278 1.29942925
0.03981309 0.00000000 6.95739452 1.19558163
0.04033042 0.00000000 6.40726010 1.09833740
0.04085447 0.00000000 5.89983657 1.00967266
0.04138533 0.00000000 5.43186512 0.92855597
0.04192309 0.00000000 5.00033159 0.85366543
0.04246784 0.00000000 4.60244835 0.78536838
0.04301967 0.00000000 4.23563755 0.72250794
0.04357866 0.00000000 3.89751560 0.66455190
0.04414492 0.00000000 3.58587871 0.61075253
0.04471854 0.00000000 3.29868955 0.56134245
0.04529961 0.00000000 3.03406491 0.51625299
0.04588823 0.00000000 2.79026417 0.47396474
0.04648450 0.00000000 2.56559786 0.43458084
0.04708852 0.00000000 2.35861685 0.39802170
0.04770039 0.00000000 2.16675391 0.36462093
0.04832020 0.00000000 1.99272084 0.33408135
0.04894807 0.00000000 1.83127116 0.30668475
0.04958410 0.00000000 1.68264625 0.28117071
0.05022840 0.00000000 1.54584678 0.25771194
0.05088106 0.00000000 1.41994988 0.23608583
0.05154221 0.00000000 1.30409093 0.21669839
0.05221195 0.00000000 1.19748366 0.19858800
0.05289039 0.00000000 1.09941756 0.18193497
0.05357764 0.00000000 1.00922179 0.16677666
0.05427383 0.00000000 0.92627721 0.15278594
0.05497906 0.00000000 0.85001249 0.14006856
0.05569346 0.00000000 0.77990042 0.12824931
0.05641714 0.00000000 0.71545463 0.11734134
0.05715022 0.00000000 0.65622644 0.10750872
0.05789283 0.00000000 0.60180200 0.09852022
0.05864508 0.00000000 0.55179965 0.09021860
0.05940712 0.00000000 0.50586303 0.08264647
0.06017905 0.00000000 0.46253978 0.07564324
0.06096101 0.00000000 0.42190920 0.06921885
0.06175314 0.00000000 0.38477971 0.06332921
0.06255556 0.00000000 0.35085612 0.05793071
0.06336840 0.00000000 0.31986751 0.05295097
0.06419181 0.00000000 0.29156532 0.04841085
0.06502592 0.00000000 0.26572152 0.04426520
0.06587086 0.00000000 0.24212702 0.04046442
0.06672678 0.00000000 0.22059008 0.03698971
0.06759383 0.00000000 0.20141425 0.03382116
0.06847214 0.00000000 0.18419847 0.03091308
0.06936187 0.00000000 0.16842453 0.02821181
0.07026315 0.00000000 0.15397426 0.02572764
0.07117615 0.00000000 0.14073897 0.02347789
0.07210101 0.00000000 0.12861868 0.02141742
0.07303789 0.00000000 0.11752148 0.01954957
0.07398694 0.00000000 0.10736284 0.01784947
0.07494832 0.00000000 0.09806506 0.01627104
0.07592220 0.00000000 0.08955676 0.01482727
0.07690873 0.00000000 0.08177230 0.01351766
0.07790808 0.00000000 0.07465142 0.01233736
0.07892041 0.00000000 0.06813872 0.01126983
0.07994590 0.00000000 0.06218337 0.01028004
0.08098472 0.00000000 0.05673865 0.00935934
0.08203703 0.00000000 0.05176163 0.00852548
0.08310301 0.00000000 0.04721291 0.00775965
0.08418285 0.00000000 0.04305651 0.00706584
0.08527672 0.00000000 0.03925927 0.00643516
0.08638480 0.00000000 0.03579081 0.00585809
0.08750728 0.00000000 0.03262322 0.00533324
0.08864435 0.00000000 0.02973094 0.00485527
0.08979619 0.00000000 0.02709051 0.00441119
0.09096300 0.00000000 0.02468302 0.00400978
0.09214497 0.00000000 0.02250399 0.00364950
0.09334230 0.00000000 0.02051378 0.00331807
0.09455519 0.00000000 0.01869636 0.00301509
0.09578383 0.00000000 0.01703702 0.00273996
0.09702844 0.00000000 0.01552205 0.00248890
0.09828923 0.00000000 0.01413901 0.00226093
0.09956640 0.00000000 0.01287702 0.00205667
0.10086016 0.00000000 0.01172570 0.00187086
0.10217073 0.00000000 0.01067553 0.00169961
0.10349833 0.00000000 0.00971779 0.00154263
0.10484319 0.00000000 0.00884452 0.00140260
0.10620552 0.00000000 0.00804839 0.00127219
0.10758555 0.00000000 0.00732273 0.00115377
0.10898351 0.00000000 0.00666370 0.00104770
0.11039964 0.00000000 0.00606332 0.00095168
0.11183417 0.00000000 0.00551615 0.00086433
0.11328734 0.00000000 0.00501755 0.00078489
0.11475939 0.00000000 0.00456330 0.00071312
0.11625057 0.00000000 0.00414952 0.00064791
0.11776112 0.00000000 0.00377268 0.00058843
0.11929131 0.00000000 0.00342952 0.00053346
0.12084137 0.00000000 0.00311710 0.00048404
0.12241158 0.00000000 0.00283271 0.00043918
0.12400219 0.00000000 0.00257388 0.00039832
0.12561347 0.00000000 0.00233834 0.00036121
0.12724569 0.00000000 0.00212405 0.00032752
0.12889912 0.00000000 0.00192911 0.00029693
0.13057403 0.00000000 0.00175180 0.00026912
0.13227070 0.00000000 0.00159035 0.00024375
0.13398942 0.00000000 0.00144100 0.00022089
0.13573048 0.00000000 0.00130553 0.00020003
0.13749415 0.00000000 0.00118265 0.00018110
0.13928075 0.00000000 0.00107262 0.00016391
0.14109056 0.00000000 0.00097350 0.00014833
0.14292388 0.00000000 0.00088341 0.00013420
0.14478103 0.00000000 0.00080156 0.00012142
0.14666231 0.00000000 0.00072719 0.00010992
0.14856803 0.00000000 0.00065964 0.00009958
0.15049852 0.00000000 0.00059828 0.00009015
0.15245409 0.00000000 0.00054256 0.00008161
0.15443508 0.00000000 0.00049196 0.00007387
0.15644180 0.00000000 0.00044603 0.00006686
0.15847460 0.00000000 0.00040434 0.00006051
0.16053381 0.00000000 0.00036650 0.00005475
0.16261978 0.00000000 0.00033215 0.00004953
0.16473286 0.00000000 0.00030099 0.00004480
0.16687339 0.00000000 0.00027273 0.00004050
0.16904174 0.00000000 0.00024708 0.00003659
0.17123826 0.00000000 0.00022382 0.00003306
0.17346333 0.00000000 0.00020273 0.00002988
0.17571730 0.00000000 0.00018361 0.00002702
0.17800057 0.00000000 0.00016627 0.00002442
0.18031350 0.00000000 0.00015048 0.00002207
0.18265649 0.00000000 0.00013597 0.00001994
0.18502992 0.00000000 0.00012285 0.00001801
0.18743419 0.00000000 0.00011098 0.00001627
0.18986970 0.00000000 0.00010026 0.00001470
0.19233686 0.00000000 0.00009056 0.00001329
0.19483608 0.00000000 0.00008179 0.00001201
0.19736778 0.00000000 0.00007387 0.00001085
0.19993236 0.00000000 0.00006671 0.00000980
0.20253028 0.00000000 0.00006024 0.00000885
0.20516195 0.00000000 0.00005439 0.00000799
0.20782782 0.00000000 0.00004911 0.00000722
0.21052832 0.00000000 0.00004434 0.00000651
0.21326392 0.00000000 0.00004003 0.00000587
0.21603507 0.00000000 0.00003614 0.00000530
0.21884222 0.00000000 0.00003265 0.00000478
0.22168585 0.00000000 0.00002949 0.00000432
0.22456642 0.00000000 0.00002663 0.00000390
0.22748443 0.00000000 0.00002405 0.00000352
0.23044036 0.00000000 0.00002172 0.00000317
0.23343469 0.00000000 0.00001961 0.00000286
0.23646793 0.00000000 0.00001770 0.00000258
0.23954059 0.00000000 0.00001598 0.00000233
0.24265317 0.00000000 0.00001442 0.00000210
0.24580620 0.00000000 0.00001302 0.00000189
0.24900019 0.00000000 0.00001175 0.00000171
0.25223569 0.00000000 0.00001060 0.00000154
0.25551324 0.00000000 0.00000956 0.00000139
0.25883336 0.00000000 0.00000863 0.00000125
0.26219664 0.00000000 0.00000778 0.00000113
0.26560361 0.00000000 0.00000702 0.00000101
0.26905485 0.00000000 0.00000633 0.00000091
0.27255094 0.00000000 0.00000571 0.00000082
0.27609246 0.00000000 0.00000515 0.00000074
0.27968000 0.00000000 0.00000464 0.00000067
0.28331415 0.00000000 0.00000419 0.00000060
0.28699552 0.00000000 0.00000377 0.00000054
0.29072473 0.00000000 0.00000340 0.00000049
0.29450240 0.00000000 0.00000307 0.00000044
0.29832915 0.00000000 0.00000276 0.00000040
0.30220563 0.00000000 0.00000249 0.00000036
0.30613248 0.00000000 0.00000224 0.00000032
0.31011035 0.00000000 0.00000202 0.00000029
0.31413992 0.00000000 0.00000182 0.00000026
0.31822184 0.00000000 0.00000164 0.00000023
0.32235680 0.00000000 0.00000148 0.00000021
0.32654550 0.00000000 0.00000133 0.00000019
0.33078862 0.00000000 0.00000120 0.00000017
0.33508687 0.00000000 0.00000108 0.00000015
0.33944098 0.00000000 0.00000097 0.00000014
0.34385166 0.00000000 0.00000088 0.00000012
0.34831966 0.00000000 0.00000079 0.00000011
0.35284571 0.00000000 0.00000071 0.00000010
0.35743058 0.00000000 0.00000064 0.00000009
0.36207502 0.00000000 0.00000058 0.00000008
0.36677981 0.00000000 0.00000052 0.00000007
0.37154573 0.00000000 0.00000047 0.00000007
0.37637358 0.00000000 0.00000042 0.00000006
0.38126417 0.00000000 0.00000038 0.00000005
0.38621830 0.00000000 0.00000034 0.00000005
0.39123681 0.00000000 0.00000030 0.00000004
0.39632053 0.00000000 0.00000027 0.00000004
0.40147030 0.00000000 0.00000025 0.00000003
0.40668699 0.00000000 0.00000022 0.00000003
0.41197147 0.00000000 0.00000020 0.00000003
0.41732461 0.00000000 0.00000018 0.00000003
0.42274731 0.00000000 0.00000016 0.00000002
0.42824047 0.00000000 0.00000014 0.00000002
0.43380502 0.00000000 0.00000013 0.00000002
0.43944186 0.00000000 0.00000012 0.00000002
0.44515195 0.00000000 0.00000011 0.00000001
0.45093624 0.00000000 0.00000009 0.00000001
0.45679569 0.00000000 0.00000008 0.00000001
0.46273128 0.00000000 0.00000008 0.00000001
0.46874399 0.00000000 0.00000007 0.00000001
0.47483484 0.00000000 0.00000006 0.00000001
0.48100482 0.00000000 0.00000006 0.00000001
0.48725498 0.00000000 0.00000005 0.00000001
0.49358636 0.00000000 0.00000004 0.00000001
0.50000000 0.00000000 0.00000004 0.00000001
